0.000000 	 0.000000 
0.210622 	 0.213628 
0.723224 	 0.733490 
0.937870 	 0.951138 
1.225911 	 1.243419 
1.514174 	 1.535483 
1.802136 	 1.827844 
2.090212 	 2.120092 
2.378416 	 2.412214 
2.666412 	 2.704541 
2.954475 	 2.996801 
3.242606 	 3.288995 
3.530513 	 3.581410 
3.818609 	 3.873638 
4.106650 	 4.165920 
4.394590 	 4.458303 
4.682596 	 4.750620 
4.970731 	 5.042810 
5.258579 	 5.335282 
5.546556 	 5.627629 
5.834599 	 5.919909 
6.122479 	 6.212351 
6.410426 	 6.504727 
6.698439 	 6.797037 
6.986288 	 7.089508 
7.274204 	 7.381914 
7.562125 	 7.674315 
7.850005 	 7.966757 
8.137889 	 8.259193 
8.425778 	 8.551626 
8.713564 	 8.844159 
9.001417 	 9.136627 
9.289397 	 9.428970 
9.577089 	 9.721596 
9.864894 	 10.014112 
10.152733 	 10.306593 
10.440516 	 10.599129 
10.728226 	 10.891738 
11.016093 	 11.184192 
11.303781 	 11.476823 
11.591595 	 11.769330 
11.879336 	 12.061908 
12.167004 	 12.354558 
12.454782 	 12.647099 
12.742488 	 12.939712 
13.030121 	 13.232396 
13.317804 	 13.525031 
13.605536 	 13.817619 
13.893195 	 14.110279 
14.180840 	 14.402950 
14.468473 	 14.695634 
14.756033 	 14.988390 
15.043581 	 15.281158 
15.331176 	 15.573878 
15.618761 	 15.866611 
15.906332 	 16.159357 
16.193952 	 16.452054 
16.481436 	 16.744884 
16.768968 	 17.037666 
17.056486 	 17.330462 
17.343930 	 17.623332 
17.631546 	 17.916033 
17.918901 	 18.208991 
18.206367 	 18.501839 
18.493818 	 18.794702 
18.781334 	 19.087502 
19.068619 	 19.380528 
19.356029 	 19.673431 
19.643502 	 19.966272 
19.930806 	 20.259280 
20.218158 	 20.552240 
20.505465 	 20.845244 
20.792881 	 21.138143 
21.080189 	 21.431146 
21.367360 	 21.724284 
21.654808 	 22.017149 
21.942072 	 22.310197 
22.229259 	 22.603319 
22.516522 	 22.896366 
22.803818 	 23.189382 
23.090974 	 23.482534 
23.378177 	 23.775641 
23.665363 	 24.068765 
23.952534 	 24.361902 
24.239688 	 24.655057 
24.526766 	 24.948286 
24.813887 	 25.241472 
25.100993 	 25.534673 
25.388083 	 25.827890 
25.675158 	 26.121122 
25.962150 	 26.414434 
26.249313 	 26.707581 
26.536211 	 27.000984 
26.823200 	 27.294299 
27.110187 	 27.587617 
27.397233 	 27.880877 
27.684122 	 28.174290 
27.971040 	 28.467676 
28.257877 	 28.761140 
28.544864 	 29.054458 
28.831676 	 29.347947 
29.118522 	 29.641402 
29.405362 	 29.934863 
29.692197 	 30.228330 
29.979000 	 30.521828 
30.265783 	 30.815346 
30.552469 	 31.108958 
30.839215 	 31.402514 
31.125941 	 31.696089 
31.412722 	 31.989607 
31.699330 	 32.283294 
31.985993 	 32.576926 
32.272573 	 32.870642 
32.559196 	 33.164314 
32.845877 	 33.457932 
33.132442 	 33.751662 
33.418880 	 34.045518 
33.705480 	 34.339213 
33.991997 	 34.632992 
34.278491 	 34.926790 
34.564902 	 35.220672 
34.851351 	 35.514516 
35.137779 	 35.808380 
35.424122 	 36.102327 
35.710502 	 36.396237 
35.996859 	 36.690170 
36.283270 	 36.984052 
36.569504 	 37.278105 
36.855729 	 37.572166 
37.141992 	 37.866191 
37.428228 	 38.160241 
37.714520 	 38.454240 
38.000645 	 38.748399 
38.286870 	 39.042460 
38.572884 	 39.336728 
38.859040 	 39.630856 
39.145062 	 39.925115 
39.431059 	 40.219397 
39.717075 	 40.513661 
40.003095 	 40.807923 
40.289134 	 41.102165 
40.575039 	 41.396539 
40.861024 	 41.690835 
41.146917 	 41.985217 
41.432722 	 42.279688 
41.718481 	 42.574202 
42.004289 	 42.868670 
42.290005 	 43.163226 
42.575695 	 43.457808 
42.861400 	 43.752377 
43.147087 	 44.046959 
43.432746 	 44.341573 
43.718388 	 44.636201 
44.004044 	 44.930815 
44.289545 	 45.225580 
44.575075 	 45.520317 
44.860511 	 45.815145 
45.146038 	 46.109885 
45.431471 	 46.404716 
45.716809 	 46.699639 
46.002110 	 46.994596 
46.287440 	 47.289528 
46.572736 	 47.584491 
46.857997 	 47.879488 
47.143224 	 48.174522 
47.428411 	 48.469591 
47.713426 	 48.764826 
47.998541 	 49.059963 
48.283556 	 49.355198 
48.568674 	 49.650335 
48.853592 	 49.945662 
49.138636 	 50.240868 
49.423496 	 50.536251 
49.708380 	 50.831617 
49.993229 	 51.127012 
50.278044 	 51.422441 
50.562727 	 51.717997 
50.847301 	 52.013655 
51.131973 	 52.309221 
51.416605 	 52.604828 
51.701191 	 52.900475 
51.985685 	 53.196213 
52.270180 	 53.491945 
52.554554 	 53.787798 
52.838957 	 54.083622 
53.123251 	 54.379549 
53.407562 	 54.675465 
53.691839 	 54.971409 
53.976053 	 55.267416 
54.260141 	 55.563543 
54.544258 	 55.859648 
54.828403 	 56.155724 
55.112337 	 56.452000 
55.396168 	 56.748373 
55.680136 	 57.044615 
55.964001 	 57.340954 
56.247740 	 57.637419 
56.531422 	 57.933935 
56.815109 	 58.230446 
57.098654 	 58.527094 
57.382238 	 58.823702 
57.665749 	 59.120384 
57.949139 	 59.417181 
58.232529 	 59.713978 
58.515718 	 60.010969 
58.799006 	 60.307863 
59.082064 	 60.604980 
59.365339 	 60.901886 
59.648352 	 61.199043 
59.931381 	 61.496183 
60.214245 	 61.793484 
60.497068 	 62.090818 
60.779789 	 62.388250 
61.062538 	 62.685659 
61.345133 	 62.983212 
61.627573 	 63.280912 
61.910162 	 63.578470 
62.192516 	 63.876251 
62.474808 	 64.174089 
62.757099 	 64.471933 
63.039276 	 64.769880 
63.321396 	 65.067884 
63.603287 	 65.366106 
63.885252 	 65.664259 
64.167137 	 65.962486 
64.448771 	 66.260954 
64.730461 	 66.559364 
65.011997 	 66.857918 
65.293419 	 67.156580 
65.574829 	 67.455254 
65.856085 	 67.754076 
66.137306 	 68.052927 
66.418304 	 68.351990 
66.699343 	 68.651018 
66.980164 	 68.950247 
67.261002 	 69.249464 
67.541576 	 69.548927 
67.822180 	 69.848362 
68.102612 	 70.147957 
68.383072 	 70.447529 
68.663069 	 70.747530 
68.943237 	 71.047371 
69.223063 	 71.347532 
69.503036 	 71.647556 
69.782684 	 71.947884 
70.062418 	 72.248131 
70.341820 	 72.548687 
70.621096 	 72.849363 
70.900354 	 73.150051 
71.179419 	 73.450922 
71.458260 	 73.751999 
71.736975 	 74.053196 
72.015615 	 74.354456 
72.294136 	 74.655830 
72.572462 	 74.957382 
72.850651 	 75.259066 
73.128662 	 75.560909 
73.406507 	 75.862907 
73.684107 	 76.165129 
73.961569 	 76.467482 
74.238819 	 76.770029 
74.515972 	 77.072662 
74.792942 	 77.375462 
75.069660 	 77.678495 
75.346189 	 77.981701 
75.622581 	 78.285032 
75.898710 	 78.588604 
76.174696 	 78.892307 
76.450487 	 79.196182 
76.725838 	 79.500458 
77.001251 	 79.804682 
77.276213 	 80.109312 
77.551117 	 80.413994 
77.825747 	 80.718922 
78.099987 	 81.024199 
78.374136 	 81.329561 
78.647724 	 81.635427 
78.921427 	 81.941196 
79.194597 	 82.247435 
79.467602 	 82.553822 
79.740383 	 82.860409 
80.012558 	 83.167534 
80.284653 	 83.474733 
80.556587 	 83.782070 
80.827835 	 84.090019 
81.098894 	 84.398134 
81.369696 	 84.706472 
81.640039 	 85.015211 
81.910137 	 85.324173 
82.179766 	 85.633541 
82.449068 	 85.943195 
82.717701 	 86.253433 
82.986197 	 86.563786 
83.254074 	 86.874670 
83.521797 	 87.185692 
83.788776 	 87.497355 
84.055452 	 87.809280 
84.321642 	 88.121618 
84.587231 	 88.434471 
84.852253 	 88.747805 
85.116829 	 89.061516 
85.380787 	 89.375748 
85.644241 	 89.690403 
85.907043 	 90.005608 
86.169216 	 90.321333 
86.430868 	 90.637493 
86.691771 	 90.954271 
86.951998 	 91.271610 
87.211424 	 91.589602 
87.470158 	 91.908165 
87.728216 	 92.227278 
87.985336 	 92.547146 
88.241770 	 92.867563 
88.497139 	 93.188833 
88.751770 	 93.510693 
89.005440 	 93.833313 
89.258114 	 94.156717 
89.509741 	 94.480940 
89.760355 	 94.805952 
90.009871 	 95.131811 
90.258190 	 95.458586 
90.505331 	 95.786253 
90.751093 	 96.114967 
90.995722 	 96.444523 
91.238943 	 96.775120 
91.480768 	 97.106747 
91.720922 	 97.439598 
91.959589 	 97.773525 
92.196756 	 98.108528 
92.432093 	 98.444824 
92.665661 	 98.782356 
92.897255 	 99.121250 
93.126978 	 99.461426 
93.354549 	 99.803066 
93.579889 	 100.146194 
93.803101 	 100.490719 
94.023731 	 100.836914 
94.241896 	 101.184677 
94.457399 	 101.534111 
94.670105 	 101.885273 
94.880013 	 102.238117 
95.086658 	 102.592896 
95.290020 	 102.949585 
95.490137 	 103.308128 
95.686460 	 103.668777 
95.879156 	 104.031395 
96.067760 	 104.396198 
96.252342 	 104.763073 
96.432415 	 105.132214 
96.608059 	 105.503506 
96.778702 	 105.877144 
96.944504 	 106.252991 
97.104824 	 106.631241 
97.259937 	 107.011711 
97.409180 	 107.394550 
97.552471 	 107.779701 
97.689560 	 108.167152 
97.820274 	 108.556858 
97.944420 	 108.948750 
98.061790 	 109.342781 
98.172123 	 109.738907 
98.275452 	 110.136978 
98.371445 	 110.536938 
98.460068 	 110.938660 
98.541206 	 111.342041 
98.614906 	 111.746922 
98.681122 	 112.153164 
98.739738 	 112.560665 
98.791019 	 112.969231 
98.834873 	 113.378746 
98.871380 	 113.789062 
98.900928 	 114.200020 
98.923473 	 114.611504 
98.939278 	 115.023388 
98.948433 	 115.435581 
98.951477 	 115.847946 
98.948433 	 116.260403 
98.939621 	 116.672848 
98.925316 	 117.085224 
98.905861 	 117.497463 
98.881474 	 117.909531 
98.852440 	 118.321323 
98.819138 	 118.732979 
98.781727 	 119.144268 
98.740597 	 119.555237 
98.695908 	 119.966022 
98.648083 	 120.376419 
98.597305 	 120.786541 
98.543781 	 121.196320 
98.487808 	 121.605881 
98.429581 	 122.015202 
98.369328 	 122.424156 
98.307335 	 122.832973 
98.243660 	 123.241585 
98.178669 	 123.649979 
98.112419 	 124.058167 
98.045185 	 124.466286 
97.977024 	 124.874233 
97.908188 	 125.282066 
97.838768 	 125.689865 
97.768936 	 126.097561 
97.698864 	 126.505257 
97.628620 	 126.912907 
97.558376 	 127.320557 
97.488247 	 127.728230 
97.418289 	 128.135937 
97.348663 	 128.543701 
97.279438 	 128.951534 
97.210751 	 129.359447 
97.142658 	 129.767441 
97.075264 	 130.175560 
97.008625 	 130.583736 
96.942867 	 130.992096 
96.878002 	 131.400570 
96.814121 	 131.809216 
96.751316 	 132.217953 
96.689667 	 132.626827 
96.629185 	 133.035976 
96.569984 	 133.445137 
96.512043 	 133.854618 
96.455486 	 134.264099 
96.400326 	 134.673866 
96.346619 	 135.083771 
96.294411 	 135.493847 
96.243748 	 135.904163 
96.194687 	 136.314457 
96.147240 	 136.725151 
96.101498 	 137.135777 
96.057415 	 137.546711 
96.015095 	 137.957783 
95.974548 	 138.369003 
95.935799 	 138.780373 
95.898886 	 139.191879 
95.863844 	 139.603626 
95.830713 	 140.015247 
95.799488 	 140.427189 
95.770231 	 140.839211 
95.742926 	 141.251450 
95.717640 	 141.663494 
95.694351 	 142.075985 
95.673117 	 142.488327 
95.653954 	 142.900658 
95.636885 	 143.313251 
95.621893 	 143.725845 
95.609053 	 144.138485 
95.598341 	 144.551159 
95.589787 	 144.963856 
95.583406 	 145.376564 
95.579235 	 145.789272 
95.577255 	 146.201969 
95.577501 	 146.614643 
95.579979 	 147.027294 
95.584705 	 147.439899 
95.591692 	 147.852608 
95.600956 	 148.264996 
95.612497 	 148.677200 
95.626333 	 149.089565 
95.642492 	 149.501747 
95.660957 	 149.913803 
95.681746 	 150.325722 
95.704880 	 150.737492 
95.730354 	 151.149101 
95.758186 	 151.560528 
95.788376 	 151.971771 
95.820934 	 152.382809 
95.855873 	 152.793629 
95.893198 	 153.204208 
95.932903 	 153.614536 
95.975012 	 154.024601 
96.019512 	 154.434391 
96.066433 	 154.843884 
96.115757 	 155.253078 
96.167496 	 155.661942 
96.221661 	 156.070473 
96.278252 	 156.478649 
96.337280 	 156.886459 
96.398724 	 157.293892 
96.462616 	 157.700924 
96.528946 	 158.107544 
96.597713 	 158.513729 
96.668941 	 158.919479 
96.742596 	 159.324760 
96.818699 	 159.729572 
96.897263 	 160.133892 
96.978275 	 160.537708 
97.061794 	 160.941227 
97.147682 	 161.343876 
97.236008 	 161.745827 
97.326862 	 162.147583 
97.420132 	 162.548630 
97.515873 	 162.949081 
97.614120 	 163.349155 
97.714680 	 163.747993 
97.817814 	 164.146671 
97.923420 	 164.544800 
98.031326 	 164.941647 
98.141808 	 165.338276 
98.254692 	 165.734081 
98.370049 	 166.129143 
98.487831 	 166.523483 
98.608051 	 166.917057 
98.730801 	 167.310104 
98.855782 	 167.701733 
98.983360 	 168.093052 
99.113411 	 168.483685 
99.245682 	 168.872841 
99.380539 	 169.261654 
99.517776 	 169.649471 
99.657440 	 170.036396 
99.799507 	 170.422428 
99.943989 	 170.807545 
100.090862 	 171.191723 
100.240150 	 171.574951 
100.391830 	 171.957230 
100.545891 	 172.338524 
100.702457 	 172.719086 
100.861130 	 173.098000 
101.022388 	 173.476398 
101.186073 	 173.853893 
101.351841 	 174.229683 
101.520206 	 174.604912 
101.690849 	 174.978928 
101.863838 	 175.351845 
102.039288 	 175.723915 
102.216888 	 176.094463 
102.396755 	 176.463730 
102.579117 	 176.832241 
102.763733 	 177.199425 
102.950649 	 177.565430 
103.139854 	 177.930244 
103.331360 	 178.293823 
103.525143 	 178.656178 
103.721180 	 179.017284 
103.919495 	 179.377121 
104.120052 	 179.735699 
104.322865 	 180.092972 
104.527920 	 180.448952 
104.735195 	 180.803616 
104.944679 	 181.156952 
105.156384 	 181.508938 
105.370445 	 181.859825 
105.586292 	 182.208710 
105.804634 	 182.556713 
106.025070 	 182.903194 
106.247658 	 183.248268 
106.472397 	 183.591923 
106.699265 	 183.934147 
106.928261 	 184.274929 
107.159534 	 184.614498 
107.392490 	 184.951984 
107.627861 	 185.288486 
107.865234 	 185.623375 
108.104839 	 185.956993 
108.346058 	 186.288506 
108.589645 	 186.618977 
108.835178 	 186.947788 
109.082714 	 187.275066 
109.332241 	 187.600800 
109.583736 	 187.924976 
109.837200 	 188.247574 
110.092598 	 188.568615 
110.349918 	 188.888065 
110.609150 	 189.205925 
110.870258 	 189.522205 
111.133244 	 189.836872 
111.398071 	 190.149960 
111.664730 	 190.461433 
111.933186 	 190.771317 
112.203426 	 191.079575 
112.475407 	 191.386253 
112.749115 	 191.691307 
113.024529 	 191.994770 
113.301601 	 192.296654 
113.580299 	 192.596970 
113.860611 	 192.895706 
114.142479 	 193.192886 
114.425858 	 193.488533 
114.710712 	 193.782669 
114.996975 	 194.075340 
115.284611 	 194.366547 
115.573551 	 194.656357 
115.863705 	 194.944794 
116.154991 	 195.231926 
116.447342 	 195.517822 
116.740620 	 195.802574 
117.034721 	 196.086296 
117.329498 	 196.369080 
117.624756 	 196.651108 
117.920300 	 196.932541 
118.215855 	 197.213631 
118.511112 	 197.494652 
118.805637 	 197.775948 
119.099007 	 198.058044 
119.390419 	 198.341446 
119.679028 	 198.626976 
119.963573 	 198.915665 
120.241962 	 199.208496 
120.512856 	 199.508675 
120.770725 	 199.817024 
121.010376 	 200.138008 
121.221611 	 200.475655 
121.388557 	 200.833878 
121.489037 	 201.212105 
121.503811 	 201.598869 
121.433338 	 201.976318 
121.296947 	 202.334541 
121.116085 	 202.673309 
120.906464 	 202.996078 
120.678085 	 203.306671 
120.437004 	 203.608498 
120.187145 	 203.904030 
119.930683 	 204.195488 
119.668980 	 204.484634 
119.401966 	 204.773895 
119.132320 	 205.062057 
118.856518 	 205.354225 
118.576618 	 205.649208 
118.292301 	 205.948196 
118.004482 	 206.250938 
117.714363 	 206.556793 
117.423306 	 206.864799 
117.132133 	 207.174545 
116.841934 	 207.485229 
116.552994 	 207.796806 
116.265610 	 208.109161 
115.979965 	 208.422340 
115.696175 	 208.736343 
115.414284 	 209.051239 
115.134384 	 209.367073 
114.856487 	 209.683914 
114.580616 	 210.001831 
114.306770 	 210.320847 
114.034996 	 210.641029 
113.765293 	 210.962402 
113.497673 	 211.284988 
113.232159 	 211.608833 
112.968750 	 211.933960 
112.707470 	 212.260368 
112.448318 	 212.588104 
112.191296 	 212.917168 
111.936436 	 213.247581 
111.683716 	 213.579346 
111.432976 	 213.912735 
111.184879 	 214.246857 
110.938602 	 214.582832 
110.694614 	 214.920067 
110.452847 	 215.258675 
110.213276 	 215.598656 
109.975948 	 215.940010 
109.740841 	 216.282738 
109.507988 	 216.626839 
109.277378 	 216.972290 
109.049046 	 217.319092 
108.822773 	 217.667587 
108.599316 	 218.016586 
108.377735 	 218.367554 
108.158569 	 218.719711 
107.941715 	 219.073174 
107.726967 	 219.428307 
107.514874 	 219.784218 
107.305241 	 220.141182 
107.097633 	 220.500000 
106.892487 	 220.859894 
106.689732 	 221.221046 
106.489128 	 221.583847 
106.291454 	 221.946877 
106.095749 	 222.311920 
105.902561 	 222.677994 
105.711788 	 223.045235 
105.523441 	 223.413666 
105.337521 	 223.783264 
105.154049 	 224.154030 
104.973015 	 224.525917 
104.794453 	 224.898949 
104.618145 	 225.273537 
104.444824 	 225.648125 
104.273598 	 226.024635 
104.104946 	 226.402016 
103.938812 	 226.780449 
103.775173 	 227.159935 
103.614052 	 227.540451 
103.455437 	 227.921974 
103.299362 	 228.304482 
103.145828 	 228.687973 
102.994640 	 229.072929 
102.846474 	 229.457611 
102.700493 	 229.844215 
102.557156 	 230.231506 
102.416393 	 230.619667 
102.278229 	 231.008720 
102.142628 	 231.398666 
102.009613 	 231.789459 
101.879025 	 232.181602 
101.751480 	 232.573288 
101.626190 	 232.966805 
101.503601 	 233.360870 
101.383621 	 233.755692 
101.266273 	 234.151291 
101.151398 	 234.548172 
101.039555 	 234.944412 
100.930046 	 235.342415 
100.823250 	 235.740875 
100.719109 	 236.139999 
100.617485 	 236.540337 
100.518860 	 236.939919 
100.422649 	 237.341240 
100.329151 	 237.742882 
100.238342 	 238.145119 
100.150200 	 238.547928 
100.064747 	 238.951286 
99.981983 	 239.355171 
99.901909 	 239.759583 
99.824535 	 240.164497 
99.749851 	 240.569893 
99.677879 	 240.975746 
99.608608 	 241.382057 
99.542038 	 241.788803 
99.478180 	 242.195961 
99.417046 	 242.603508 
99.358624 	 243.011444 
99.302925 	 243.419724 
99.249950 	 243.828346 
99.199699 	 244.237289 
99.152184 	 244.646553 
99.107391 	 245.056091 
99.065334 	 245.465904 
99.026001 	 245.875969 
98.989414 	 246.286263 
98.955574 	 246.696785 
98.924458 	 247.107491 
98.896099 	 247.518379 
98.870476 	 247.929428 
98.847588 	 248.340637 
98.827457 	 248.751961 
98.810074 	 249.163399 
98.795425 	 249.574928 
98.783535 	 249.986526 
98.774391 	 250.398170 
98.768005 	 250.809860 
98.764355 	 251.221573 
98.763462 	 251.633263 
98.765316 	 252.044952 
98.769917 	 252.456596 
98.777287 	 252.868172 
98.787380 	 253.279678 
98.800243 	 253.691093 
98.815842 	 254.102417 
98.834198 	 254.513603 
98.855301 	 254.924629 
98.879139 	 255.335495 
98.905735 	 255.746178 
98.935066 	 256.156654 
98.967144 	 256.566902 
99.001968 	 256.976921 
99.039528 	 257.386688 
99.079823 	 257.796181 
99.122864 	 258.205376 
99.168640 	 258.614273 
99.217140 	 259.022827 
99.268375 	 259.431038 
99.322334 	 259.838882 
99.379028 	 260.246338 
99.438435 	 260.653427 
99.500576 	 261.060059 
99.565430 	 261.466278 
99.632996 	 261.872017 
99.703274 	 262.277275 
99.776253 	 262.682053 
99.851944 	 263.086304 
99.930347 	 263.490051 
100.011429 	 263.893250 
100.095222 	 264.295876 
100.181705 	 264.697929 
100.271027 	 265.100075 
100.362637 	 265.499863 
100.457245 	 265.900406 
100.554451 	 266.299942 
100.654324 	 266.698792 
100.756851 	 267.096954 
100.862045 	 267.494408 
100.969906 	 267.891151 
101.080410 	 268.287163 
101.193558 	 268.682396 
101.309349 	 269.076851 
101.427773 	 269.470505 
101.548817 	 269.863335 
101.672493 	 270.255341 
101.798801 	 270.646523 
101.927708 	 271.036835 
102.059223 	 271.426231 
102.193336 	 271.814758 
102.330036 	 272.202347 
102.469334 	 272.588997 
102.611217 	 272.974709 
102.755665 	 273.359436 
102.902676 	 273.743179 
103.052261 	 274.125916 
103.204399 	 274.507645 
103.359077 	 274.888321 
103.516285 	 275.267944 
103.676033 	 275.646492 
103.838310 	 276.023964 
104.003105 	 276.400314 
104.170406 	 276.775566 
104.340202 	 277.149651 
104.512505 	 277.522591 
104.687279 	 277.894363 
104.864525 	 278.264923 
105.044243 	 278.634315 
105.226421 	 279.002449 
105.411060 	 279.369370 
105.598114 	 279.735031 
105.787617 	 280.099411 
105.979546 	 280.462532 
106.173889 	 280.824326 
106.370625 	 281.184792 
106.569752 	 281.543930 
106.771271 	 281.901718 
106.975170 	 282.258156 
107.181416 	 282.613197 
107.390018 	 282.966843 
107.600967 	 283.319092 
107.814251 	 283.669899 
108.029858 	 284.019287 
108.247776 	 284.367210 
108.467983 	 284.713646 
108.690479 	 285.058617 
108.915264 	 285.402077 
109.142727 	 285.744644 
109.371391 	 286.084145 
109.603134 	 286.423347 
109.836891 	 286.760674 
110.072857 	 287.096420 
110.311020 	 287.430588 
110.551804 	 287.763771 
110.793674 	 288.093842 
111.038578 	 288.423477 
111.285393 	 288.751213 
111.534336 	 289.077278 
111.785385 	 289.401695 
112.038517 	 289.724442 
112.293720 	 290.045517 
112.550983 	 290.364899 
112.810272 	 290.682610 
113.071587 	 290.998604 
113.334881 	 291.312904 
113.600132 	 291.625465 
113.867329 	 291.936333 
114.136425 	 292.245461 
114.407387 	 292.552872 
114.680191 	 292.858543 
114.954781 	 293.162521 
115.231110 	 293.464783 
115.509144 	 293.765373 
115.788815 	 294.064293 
116.070053 	 294.361565 
116.352768 	 294.657257 
116.636833 	 294.951393 
116.922134 	 295.244064 
117.208488 	 295.535362 
117.495678 	 295.825424 
117.783417 	 296.114456 
118.071293 	 296.402710 
118.358814 	 296.690666 
118.644825 	 296.978600 
118.928581 	 297.267929 
119.207565 	 297.559708 
119.478344 	 297.856544 
119.734074 	 298.162720 
119.960552 	 298.485786 
120.126858 	 298.836044 
120.183323 	 299.210289 
120.118538 	 299.577713 
119.974308 	 299.931450 
119.785549 	 300.277840 
119.572517 	 300.619949 
119.345982 	 300.959770 
119.111996 	 301.298355 
118.873970 	 301.636391 
118.634022 	 301.974335 
118.393410 	 302.312576 
118.152958 	 302.651344 
117.913239 	 302.990822 
117.674664 	 303.331169 
117.437473 	 303.672501 
117.201908 	 304.014862 
116.968105 	 304.358322 
116.736191 	 304.702950 
116.506268 	 305.048767 
116.278404 	 305.395798 
116.052647 	 305.744064 
115.829063 	 306.093590 
115.607677 	 306.444374 
115.388546 	 306.796417 
115.171692 	 307.149742 
114.957127 	 307.504349 
114.744884 	 307.860214 
114.534988 	 308.217361 
114.327450 	 308.575768 
114.122292 	 308.935432 
113.919525 	 309.296356 
113.719173 	 309.658539 
113.521225 	 310.021957 
113.325726 	 310.386589 
113.132664 	 310.752457 
112.942062 	 311.119514 
112.753933 	 311.487762 
112.568287 	 311.857201 
112.385113 	 312.227829 
112.204445 	 312.599579 
112.026283 	 312.972496 
111.850639 	 313.346535 
111.677513 	 313.721695 
111.506927 	 314.097954 
111.338894 	 314.475311 
111.173389 	 314.853722 
111.010471 	 315.233208 
110.850082 	 315.613747 
110.692291 	 315.995293 
110.537075 	 316.377846 
110.384445 	 316.761406 
110.234413 	 317.145927 
110.086990 	 317.531410 
109.942165 	 317.917877 
109.799950 	 318.305260 
109.660366 	 318.693535 
109.523415 	 319.082726 
109.389084 	 319.472809 
109.257408 	 319.863739 
109.128365 	 320.255539 
109.001976 	 320.648163 
108.878242 	 321.041588 
108.757175 	 321.435814 
108.638775 	 321.830818 
108.523052 	 322.226601 
108.410007 	 322.623116 
108.299652 	 323.020363 
108.191975 	 323.418320 
108.086987 	 323.816963 
107.984711 	 324.216293 
107.885136 	 324.616264 
107.788261 	 325.016876 
107.694111 	 325.418106 
107.602661 	 325.819954 
107.513935 	 326.222374 
107.427944 	 326.625366 
107.344666 	 327.028908 
107.264122 	 327.432976 
107.186325 	 327.837570 
107.111252 	 328.242668 
107.038914 	 328.648224 
106.969334 	 329.054237 
106.902500 	 329.460709 
106.838413 	 329.867592 
106.777084 	 330.274887 
106.718502 	 330.682571 
106.662678 	 331.090622 
106.609623 	 331.499016 
106.559326 	 331.907730 
106.511787 	 332.316765 
106.467030 	 332.726097 
106.425030 	 333.135704 
106.385811 	 333.545563 
106.349361 	 333.955673 
106.315681 	 334.365990 
106.284782 	 334.776512 
106.256653 	 335.187218 
106.231304 	 335.598083 
106.208736 	 336.009109 
106.188938 	 336.420250 
106.171932 	 336.831505 
106.157707 	 337.242874 
106.146252 	 337.654289 
106.137589 	 338.065750 
106.131695 	 338.478310 
106.128605 	 338.889336 
106.128284 	 339.299789 
106.130745 	 339.711800 
106.135998 	 340.123283 
106.144020 	 340.534698 
106.154835 	 340.946022 
106.168419 	 341.357277 
106.184784 	 341.768394 
106.203930 	 342.179375 
106.225857 	 342.590195 
106.250565 	 343.000854 
106.278042 	 343.411308 
106.308289 	 343.821556 
106.341316 	 344.231575 
106.377113 	 344.641388 
106.415680 	 345.050903 
106.457005 	 345.460167 
106.501110 	 345.869087 
106.547962 	 346.277733 
106.597584 	 346.686012 
106.649975 	 347.093948 
106.705112 	 347.501518 
106.762997 	 347.908676 
106.823639 	 348.315422 
106.887028 	 348.721756 
106.953163 	 349.127609 
107.022034 	 349.533028 
107.093651 	 349.937920 
107.168003 	 350.342354 
107.245079 	 350.746239 
107.324890 	 351.149574 
107.407425 	 351.552383 
107.492672 	 351.954575 
107.580643 	 352.356194 
107.671326 	 352.757195 
107.764721 	 353.157578 
107.860817 	 353.557297 
107.959602 	 353.956352 
108.061089 	 354.354698 
108.165264 	 354.752357 
108.272118 	 355.149261 
108.381660 	 355.545456 
108.493870 	 355.940895 
108.608746 	 356.335533 
108.726299 	 356.729393 
108.846508 	 357.122452 
108.969360 	 357.514641 
109.094868 	 357.906006 
109.223019 	 358.296501 
109.353802 	 358.686104 
109.487206 	 359.074814 
109.623230 	 359.462585 
109.761887 	 359.849442 
109.903141 	 360.235313 
110.047005 	 360.620224 
110.193466 	 361.004150 
110.342514 	 361.387047 
110.494148 	 361.768936 
110.648357 	 362.149796 
110.805130 	 362.529579 
110.964466 	 362.908287 
111.126366 	 363.285896 
111.290806 	 363.662407 
111.457775 	 364.037773 
111.627285 	 364.411995 
111.799324 	 364.785072 
111.973869 	 365.156960 
112.150932 	 365.527634 
112.330479 	 365.897118 
112.512520 	 366.265343 
112.697056 	 366.632332 
112.884052 	 366.998062 
113.073509 	 367.362488 
113.265438 	 367.725632 
113.459805 	 368.087471 
113.656597 	 368.447960 
113.855839 	 368.807121 
114.057495 	 369.164909 
114.261566 	 369.521324 
114.468029 	 369.876343 
114.676884 	 370.229942 
114.888130 	 370.582123 
115.101746 	 370.932861 
115.317719 	 371.282135 
115.536049 	 371.629921 
115.756714 	 371.976219 
115.979713 	 372.321007 
116.205036 	 372.664284 
116.432671 	 373.006004 
116.662605 	 373.346191 
116.894829 	 373.684799 
117.129330 	 374.021828 
117.366096 	 374.357254 
117.605129 	 374.691055 
117.846405 	 375.023232 
118.089912 	 375.353760 
118.335651 	 375.682640 
118.583599 	 376.009827 
118.833755 	 376.335342 
119.086784 	 376.660034 
119.340237 	 376.980743 
119.597282 	 377.301544 
119.856113 	 377.620148 
120.117085 	 377.936966 
120.380196 	 378.252022 
120.645424 	 378.565269 
120.912758 	 378.876732 
121.182175 	 379.186363 
121.453686 	 379.494141 
121.727257 	 379.800110 
122.002876 	 380.104156 
122.280556 	 380.406372 
122.560238 	 380.706688 
122.841957 	 381.005081 
123.125679 	 381.301598 
123.411381 	 381.596146 
123.699085 	 381.888771 
123.988747 	 382.179428 
124.280365 	 382.468140 
124.573906 	 382.754837 
124.869381 	 383.039566 
125.166767 	 383.322258 
125.466053 	 383.602959 
125.767204 	 383.881577 
126.070244 	 384.158203 
126.375137 	 384.432724 
126.681873 	 384.705231 
126.990429 	 384.975586 
127.300816 	 385.243881 
127.612976 	 385.510071 
127.926922 	 385.774109 
128.242653 	 386.036041 
128.560123 	 386.295822 
128.879345 	 386.553452 
129.200294 	 386.808884 
129.522949 	 387.062210 
129.847298 	 387.313248 
130.173351 	 387.562180 
130.501041 	 387.808823 
130.830414 	 388.053268 
131.161400 	 388.295517 
131.493999 	 388.535477 
131.828236 	 388.773193 
132.164062 	 389.008621 
132.501457 	 389.241806 
132.840385 	 389.472656 
133.180882 	 389.701263 
133.522888 	 389.927490 
133.866428 	 390.151474 
134.211433 	 390.373077 
134.557949 	 390.592346 
134.905930 	 390.809280 
135.255341 	 391.023880 
135.606182 	 391.236053 
135.958477 	 391.445892 
136.312145 	 391.653351 
136.667198 	 391.858383 
137.023636 	 392.060989 
137.381424 	 392.261215 
137.740517 	 392.459015 
138.100937 	 392.654388 
138.462662 	 392.847290 
138.825691 	 393.037766 
139.189968 	 393.225769 
139.555504 	 393.411346 
139.922264 	 393.594406 
140.290272 	 393.774994 
140.659470 	 393.953064 
141.029858 	 394.128708 
141.401379 	 394.301743 
141.774113 	 394.472351 
142.147923 	 394.640396 
142.522877 	 394.805923 
142.898918 	 394.968933 
143.276047 	 395.129333 
143.654263 	 395.287262 
144.033474 	 395.442581 
144.413761 	 395.595337 
144.795055 	 395.745529 
145.177334 	 395.893158 
145.560585 	 396.038177 
145.944809 	 396.180634 
146.329948 	 396.320480 
146.716026 	 396.457718 
147.103031 	 396.592346 
147.490917 	 396.724365 
147.879673 	 396.853775 
148.269276 	 396.980530 
148.659737 	 397.104675 
149.050999 	 397.226166 
149.443073 	 397.345001 
149.835938 	 397.461227 
150.229534 	 397.574753 
150.623909 	 397.685669 
151.018982 	 397.793884 
151.414787 	 397.899445 
151.811279 	 398.002350 
152.208435 	 398.102554 
152.606266 	 398.200104 
153.004715 	 398.294952 
153.403793 	 398.387100 
153.803490 	 398.476547 
154.203758 	 398.563339 
154.604565 	 398.647385 
155.005955 	 398.728775 
155.407837 	 398.807419 
155.810268 	 398.883362 
156.213181 	 398.956604 
156.616562 	 399.027100 
157.020412 	 399.094894 
157.424675 	 399.159943 
157.829384 	 399.222290 
158.234459 	 399.281891 
158.639900 	 399.338791 
159.045765 	 399.392944 
159.451927 	 399.444351 
159.858433 	 399.493057 
160.265224 	 399.538971 
160.672348 	 399.582184 
161.079700 	 399.622650 
161.487316 	 399.660370 
161.895161 	 399.695343 
162.303223 	 399.727524 
162.711514 	 399.757004 
163.119930 	 399.783737 
163.528519 	 399.807724 
163.937256 	 399.828918 
164.346130 	 399.847412 
164.755062 	 399.863113 
165.164120 	 399.876114 
165.573200 	 399.886322 
165.982372 	 399.893784 
166.391556 	 399.898499 
166.800751 	 399.900421 
167.209957 	 399.899643 
167.619083 	 399.896118 
168.028187 	 399.889801 
168.437256 	 399.880737 
168.846222 	 399.868973 
169.255051 	 399.854416 
169.663811 	 399.837112 
170.072411 	 399.817062 
170.480862 	 399.794266 
170.889130 	 399.768768 
171.297169 	 399.740479 
171.705048 	 399.709442 
172.112675 	 399.675705 
172.520027 	 399.639221 
172.927128 	 399.599991 
173.333942 	 399.558014 
173.740459 	 399.513336 
174.146633 	 399.465912 
174.552475 	 399.415787 
174.957939 	 399.362915 
175.363037 	 399.307297 
175.767746 	 399.248978 
176.172031 	 399.187958 
176.575871 	 399.124237 
176.979252 	 399.057816 
177.382153 	 398.988647 
177.784607 	 398.916824 
178.186501 	 398.842300 
178.587891 	 398.765030 
178.988766 	 398.685104 
179.389034 	 398.602524 
179.788719 	 398.517242 
180.187820 	 398.429260 
180.586315 	 398.338623 
180.984158 	 398.245331 
181.381336 	 398.149338 
181.777874 	 398.050735 
182.173668 	 397.949478 
182.568810 	 397.845520 
182.963184 	 397.738953 
183.356838 	 397.629776 
183.749691 	 397.517944 
184.141800 	 397.403458 
184.533119 	 397.286407 
184.923569 	 397.166702 
185.313240 	 397.044434 
185.701996 	 396.919510 
186.089951 	 396.792023 
186.476955 	 396.661972 
186.863079 	 396.529312 
187.248276 	 396.394043 
187.632568 	 396.256256 
188.015842 	 396.115906 
188.398167 	 395.972992 
188.779495 	 395.827515 
189.159828 	 395.679520 
189.539120 	 395.529007 
189.917347 	 395.375977 
190.294510 	 395.220383 
190.670631 	 395.062317 
191.045609 	 394.901779 
191.419476 	 394.738724 
191.792210 	 394.573151 
192.163834 	 394.405151 
192.534210 	 394.234680 
192.903465 	 394.061783 
193.271484 	 393.886414 
193.638245 	 393.708618 
194.003838 	 393.528397 
194.368103 	 393.345749 
194.731155 	 393.160675 
195.092880 	 392.973267 
195.453278 	 392.783432 
195.812393 	 392.591217 
196.170158 	 392.396667 
196.526527 	 392.199783 
196.881523 	 392.000519 
197.235146 	 391.798920 
197.587349 	 391.595032 
197.938110 	 391.388855 
198.287407 	 391.180389 
198.635239 	 390.969589 
198.981606 	 390.756546 
199.326462 	 390.541306 
199.669762 	 390.323776 
200.011574 	 390.104004 
200.351807 	 389.882080 
200.690414 	 389.657959 
201.027466 	 389.431641 
201.362846 	 389.203171 
201.696602 	 388.972549 
202.028709 	 388.739822 
202.359123 	 388.504990 
202.687820 	 388.268097 
203.014778 	 388.029099 
203.340019 	 387.788086 
203.663429 	 387.545105 
203.985031 	 387.300110 
204.304802 	 387.053146 
204.622673 	 386.804260 
204.938667 	 386.553497 
205.252670 	 386.300949 
205.564682 	 386.046570 
205.874657 	 385.790451 
206.182503 	 385.532639 
206.488174 	 385.273224 
206.791603 	 385.012299 
207.092651 	 384.749954 
207.391228 	 384.486328 
207.687172 	 384.221603 
207.980232 	 383.956032 
208.270111 	 383.689888 
208.556419 	 383.423607 
208.838516 	 383.157921 
209.115349 	 382.893883 
209.385063 	 382.633392 
209.644089 	 382.380226 
209.883842 	 382.143196 
210.081619 	 381.945694 
210.347076 	 381.677742 
210.863251 	 381.147102 
211.180847 	 380.814148 
211.445961 	 380.532349 
211.731995 	 380.224251 
212.020660 	 379.908989 
212.304863 	 379.594231 
212.585518 	 379.279060 
212.863197 	 378.962860 
213.138062 	 378.645538 
213.410156 	 378.327003 
213.679619 	 378.007164 
213.946495 	 377.685997 
214.210808 	 377.363457 
214.472626 	 377.039474 
214.731972 	 376.714073 
214.988892 	 376.387230 
215.243340 	 376.058922 
215.495407 	 375.729126 
215.745071 	 375.397842 
215.992355 	 375.065094 
216.237236 	 374.730858 
216.479736 	 374.395134 
216.719879 	 374.057945 
216.957596 	 373.719292 
217.192978 	 373.379173 
217.425957 	 373.037613 
217.656555 	 372.694611 
217.884750 	 372.350166 
218.110565 	 372.004303 
218.333977 	 371.657043 
218.555008 	 371.308365 
218.773613 	 370.958313 
218.989815 	 370.606865 
219.203613 	 370.254066 
219.414986 	 369.899918 
219.623955 	 369.544418 
219.830795 	 369.187042 
220.034386 	 368.829781 
220.236191 	 368.470093 
220.435387 	 368.109375 
220.632133 	 367.747398 
220.826408 	 367.384163 
221.018234 	 367.019669 
221.207588 	 366.653961 
221.394470 	 366.287041 
221.578857 	 365.918930 
221.760750 	 365.549629 
221.940147 	 365.179184 
222.117027 	 364.807571 
222.291412 	 364.434837 
222.463280 	 364.060982 
222.632629 	 363.686028 
222.799438 	 363.309998 
222.963730 	 362.932892 
223.125458 	 362.554733 
223.284668 	 362.175522 
223.441544 	 361.794731 
223.595284 	 361.414330 
223.746941 	 361.031822 
223.895897 	 360.648628 
224.042290 	 360.264450 
224.186096 	 359.879333 
224.327339 	 359.493301 
224.465973 	 359.106354 
224.601997 	 358.718536 
224.735435 	 358.329826 
224.866264 	 357.940269 
224.994484 	 357.549889 
225.120094 	 357.158661 
225.243095 	 356.766632 
225.363441 	 356.373825 
225.481178 	 355.980240 
225.596260 	 355.585899 
225.708733 	 355.190826 
225.818550 	 354.795044 
225.925713 	 354.398552 
226.030220 	 354.001373 
226.132072 	 353.603531 
226.231270 	 353.205025 
226.327812 	 352.805901 
226.421677 	 352.406158 
226.512863 	 352.005798 
226.601395 	 351.604866 
226.687248 	 351.203384 
226.770401 	 350.801353 
226.850899 	 350.398773 
226.928696 	 349.995689 
227.003792 	 349.592079 
227.076210 	 349.188034 
227.145905 	 348.783531 
227.212921 	 348.378548 
227.277237 	 347.973175 
227.338852 	 347.567390 
227.397743 	 347.161217 
227.453957 	 346.754654 
227.507423 	 346.347771 
227.558212 	 345.940521 
227.606255 	 345.532997 
227.651596 	 345.125130 
227.694191 	 344.717010 
227.734108 	 344.308617 
227.771278 	 343.899994 
227.805725 	 343.491119 
227.837448 	 343.082039 
227.866447 	 342.672752 
227.892700 	 342.263306 
227.916252 	 341.853699 
227.937057 	 341.443977 
227.955139 	 341.034119 
227.970474 	 340.624146 
227.983086 	 340.214104 
227.992973 	 339.803993 
228.000114 	 339.393837 
228.004532 	 338.983658 
228.006226 	 338.573456 
228.005173 	 338.163254 
228.001373 	 337.753075 
227.994850 	 337.342941 
227.985603 	 336.932877 
227.973610 	 336.522881 
227.958893 	 336.112976 
227.941429 	 335.702728 
227.921265 	 335.293808 
227.898354 	 334.884087 
227.872696 	 334.474777 
227.844337 	 334.065628 
227.813232 	 333.656708 
227.779404 	 333.247993 
227.742851 	 332.839531 
227.703575 	 332.431320 
227.661575 	 332.023384 
227.616852 	 331.615746 
227.569427 	 331.208405 
227.519279 	 330.801407 
227.466408 	 330.394753 
227.410812 	 329.988464 
227.352539 	 329.582565 
227.291542 	 329.177078 
227.227844 	 328.772003 
227.161423 	 328.367363 
227.092323 	 327.963181 
227.020523 	 327.559479 
226.946022 	 327.156281 
226.868843 	 326.753586 
226.788895 	 326.351006 
226.706451 	 325.950005 
226.621170 	 325.548729 
226.533257 	 325.148254 
226.442665 	 324.748375 
226.349419 	 324.349113 
226.253494 	 323.950493 
226.154915 	 323.552513 
226.053680 	 323.155220 
225.949791 	 322.758614 
225.843246 	 322.362717 
225.734070 	 321.967529 
225.622238 	 321.573074 
225.507797 	 321.179398 
225.390724 	 320.786499 
225.271019 	 320.394379 
225.148682 	 320.003082 
225.023758 	 319.612610 
224.896225 	 319.222984 
224.766083 	 318.834229 
224.633354 	 318.446342 
224.498016 	 318.059349 
224.360115 	 317.673271 
224.219627 	 317.288132 
224.076576 	 316.903931 
223.930962 	 316.520714 
223.782806 	 316.138458 
223.632088 	 315.757210 
223.478828 	 315.376991 
223.323051 	 314.997803 
223.164757 	 314.619667 
223.003922 	 314.242584 
222.840591 	 313.866600 
222.674767 	 313.491714 
222.506424 	 313.117950 
222.335632 	 312.745285 
222.162346 	 312.373787 
221.986588 	 312.003456 
221.808403 	 311.634293 
221.627747 	 311.266342 
221.444664 	 310.899582 
221.259178 	 310.534058 
221.071266 	 310.169769 
220.880928 	 309.806740 
220.688210 	 309.444969 
220.493134 	 309.084480 
220.295677 	 308.725296 
220.095863 	 308.367439 
219.893715 	 308.010887 
219.689232 	 307.655685 
219.482437 	 307.301834 
219.273331 	 306.949356 
219.061958 	 306.598228 
218.848320 	 306.248520 
218.632416 	 305.900208 
218.414268 	 305.553291 
218.193924 	 305.207794 
217.971382 	 304.863739 
217.746643 	 304.521126 
217.519753 	 304.179955 
217.290733 	 303.840248 
217.059608 	 303.501984 
216.826378 	 303.165207 
216.590904 	 302.829597 
216.353874 	 302.496162 
216.114441 	 302.163643 
215.873154 	 301.832726 
215.629921 	 301.503273 
215.384811 	 301.175262 
215.137825 	 300.848740 
214.889053 	 300.523613 
214.638519 	 300.199928 
214.386292 	 299.877640 
214.132256 	 299.556496 
213.876938 	 299.237022 
213.620201 	 298.918922 
213.361862 	 298.601761 
213.102333 	 298.285881 
212.841660 	 297.971100 
212.580002 	 297.657326 
212.317543 	 297.344421 
212.054489 	 297.032249 
211.791092 	 296.720627 
211.527718 	 296.409302 
211.264732 	 296.098022 
211.002663 	 295.786423 
210.742172 	 295.474022 
210.484131 	 295.160225 
210.229729 	 294.844208 
209.980522 	 294.525009 
209.738731 	 294.201187 
209.507607 	 293.871002 
209.291771 	 293.532211 
209.098114 	 293.182159 
208.936478 	 292.818443 
208.819473 	 292.440376 
208.759644 	 292.051369 
208.762894 	 291.659042 
208.824600 	 291.271248 
208.933205 	 290.892014 
209.076485 	 290.521751 
209.244553 	 290.159271 
209.430199 	 289.802856 
209.628365 	 289.450951 
209.835526 	 289.102295 
210.049118 	 288.755905 
210.267334 	 288.411095 
210.488777 	 288.067268 
210.712440 	 287.724037 
210.937500 	 287.381081 
211.163383 	 287.038170 
211.389542 	 286.695076 
211.615654 	 286.351685 
211.841377 	 286.007835 
212.066505 	 285.663391 
212.290718 	 285.318489 
212.513969 	 284.972786 
212.736076 	 284.626350 
212.956947 	 284.279182 
213.176445 	 283.931145 
213.394501 	 283.582283 
213.611069 	 283.232552 
213.826172 	 282.881790 
214.039421 	 282.530479 
214.251205 	 282.177933 
214.461250 	 281.824562 
214.669579 	 281.470276 
214.876144 	 281.115028 
215.080948 	 280.758842 
215.283966 	 280.401741 
215.485153 	 280.043701 
215.684532 	 279.684723 
215.882103 	 279.324829 
216.077820 	 278.964020 
216.271683 	 278.602295 
216.463783 	 278.239471 
216.653801 	 277.876236 
216.842125 	 277.511719 
217.028572 	 277.146423 
217.213142 	 276.780281 
217.395859 	 276.413269 
217.576721 	 276.045433 
217.755798 	 275.676590 
217.932838 	 275.307381 
218.108185 	 274.937004 
218.281677 	 274.565941 
218.453316 	 274.194099 
218.623146 	 273.821503 
218.791191 	 273.448174 
218.957451 	 273.074112 
219.121902 	 272.699318 
219.284615 	 272.323837 
219.445564 	 271.947693 
219.604774 	 271.570885 
219.762268 	 271.193436 
219.918091 	 270.815369 
220.072220 	 270.436684 
220.224724 	 270.057404 
220.375648 	 269.677414 
220.524879 	 269.297081 
220.672531 	 268.916267 
220.818718 	 268.534744 
220.963371 	 268.152786 
221.106583 	 267.770256 
221.248260 	 267.387566 
221.388634 	 267.004211 
221.527611 	 266.620491 
221.665306 	 266.236404 
221.801674 	 265.851952 
221.936852 	 265.467178 
222.070885 	 265.082108 
222.203796 	 264.696739 
222.335655 	 264.311119 
222.466576 	 263.925179 
222.596512 	 263.539261 
222.725647 	 263.153023 
222.854027 	 262.766693 
222.981743 	 262.380272 
223.108932 	 261.993805 
223.235573 	 261.607315 
223.361893 	 261.220871 
223.487961 	 260.834473 
223.613914 	 260.448257 
223.739891 	 260.062202 
223.866005 	 259.676399 
223.992462 	 259.290916 
224.119423 	 258.905823 
224.247139 	 258.521233 
224.375656 	 258.137169 
224.505386 	 257.753815 
224.636559 	 257.371239 
224.769356 	 256.989601 
224.904167 	 256.609062 
225.041267 	 256.229965 
225.181091 	 255.852104 
225.324165 	 255.475891 
225.470673 	 255.101967 
225.621483 	 254.730400 
225.776825 	 254.361603 
225.937523 	 253.996147 
226.104240 	 253.634697 
226.277733 	 253.278008 
226.458687 	 252.927109 
226.647949 	 252.583237 
226.846115 	 252.248016 
227.053917 	 251.923714 
227.270874 	 251.613098 
227.495476 	 251.320633 
227.722641 	 251.053802 
227.935982 	 250.827782 
228.125793 	 250.645752 
228.812027 	 250.122551 
229.246468 	 249.886940 
229.576561 	 249.750366 
229.971291 	 249.629883 
230.389732 	 249.547462 
230.809479 	 249.506104 
231.228516 	 249.501389 
231.645287 	 249.529015 
232.058212 	 249.584335 
232.466240 	 249.663826 
232.868866 	 249.764328 
233.265999 	 249.882706 
233.657684 	 250.016487 
234.044151 	 250.163635 
234.425606 	 250.322433 
234.802277 	 250.491577 
235.174461 	 250.669807 
235.542389 	 250.856163 
235.906448 	 251.049591 
236.266731 	 251.249657 
236.623604 	 251.455444 
236.977249 	 251.666519 
237.327805 	 251.882423 
237.675453 	 252.102814 
238.020447 	 252.327164 
238.362877 	 252.555290 
238.702835 	 252.786919 
239.040596 	 253.021660 
239.376160 	 253.259422 
239.709755 	 253.499863 
240.041382 	 253.742935 
240.370949 	 253.988708 
240.699005 	 254.236427 
241.025276 	 254.486435 
241.349945 	 254.738480 
241.673103 	 254.992401 
241.994774 	 255.248131 
242.314957 	 255.505692 
242.633812 	 255.764854 
242.951363 	 256.025574 
243.267723 	 256.287712 
243.582779 	 256.551361 
243.896690 	 256.816338 
244.209549 	 257.082550 
244.521149 	 257.350204 
244.831764 	 257.618980 
245.141258 	 257.889015 
245.449951 	 258.159988 
245.757545 	 258.432175 
246.064224 	 258.705391 
246.369919 	 258.979683 
246.674881 	 259.254776 
246.978882 	 259.530922 
247.282036 	 259.807983 
247.584366 	 260.085938 
247.885803 	 260.364830 
248.186508 	 260.644524 
248.486435 	 260.925018 
248.785652 	 261.206268 
249.084045 	 261.488388 
249.381752 	 261.771217 
249.678703 	 262.054825 
249.974922 	 262.339211 
250.270477 	 262.624260 
250.565346 	 262.910019 
250.859573 	 263.196442 
251.153137 	 263.483528 
251.446014 	 263.771301 
251.738228 	 264.059761 
252.029800 	 264.348862 
252.320801 	 264.638535 
252.611183 	 264.928825 
252.900925 	 265.219757 
253.190025 	 265.511307 
253.478462 	 265.803520 
253.766396 	 266.096214 
254.053688 	 266.389526 
254.340431 	 266.683388 
254.626556 	 266.977844 
254.912201 	 267.272758 
255.196999 	 267.568497 
255.481453 	 267.864555 
255.765244 	 268.161255 
256.048508 	 268.458458 
256.331200 	 268.756210 
256.613342 	 269.054489 
256.894936 	 269.353271 
257.175911 	 269.652649 
257.456291 	 269.952576 
257.736214 	 270.252937 
258.015450 	 270.553940 
258.294319 	 270.855286 
258.572411 	 271.157341 
258.850113 	 271.459763 
259.127174 	 271.762756 
259.403687 	 272.066277 
259.679741 	 272.370209 
259.955200 	 272.674690 
260.229973 	 272.979767 
260.504311 	 273.285255 
260.777985 	 273.591339 
261.051224 	 273.897812 
261.323753 	 274.204903 
261.595940 	 274.512314 
261.867371 	 274.820412 
262.138298 	 275.128944 
262.408607 	 275.438026 
262.678413 	 275.747543 
262.947624 	 276.057587 
263.216286 	 276.368088 
263.484261 	 276.679207 
263.751846 	 276.990669 
264.018677 	 277.302773 
264.285049 	 277.615265 
264.550758 	 277.928329 
264.815872 	 278.241898 
265.080437 	 278.555923 
265.344337 	 278.870522 
265.607826 	 279.185463 
265.870537 	 279.501068 
266.132629 	 279.817200 
266.394264 	 280.133720 
266.655098 	 280.450882 
266.915497 	 280.768410 
267.175163 	 281.086533 
267.434189 	 281.405182 
267.692642 	 281.724312 
267.950523 	 282.043900 
268.207695 	 282.364082 
268.464249 	 282.684746 
268.720207 	 283.005890 
268.975479 	 283.327606 
269.230019 	 283.649895 
269.484009 	 283.972618 
269.737312 	 284.295891 
269.989998 	 284.619644 
270.241905 	 284.944016 
270.493240 	 285.268845 
270.743774 	 285.594292 
270.993736 	 285.920197 
271.242874 	 286.246719 
271.491417 	 286.573700 
271.739273 	 286.901207 
271.986328 	 287.229332 
272.232719 	 287.557961 
272.478355 	 287.887138 
272.723236 	 288.216888 
272.967270 	 288.547279 
273.210754 	 288.878082 
273.453346 	 289.209549 
273.695160 	 289.541588 
273.936218 	 289.874176 
274.176384 	 290.207405 
274.415794 	 290.541183 
274.654404 	 290.875534 
274.892143 	 291.210526 
275.128944 	 291.546181 
275.364922 	 291.882431 
275.600006 	 292.219299 
275.834129 	 292.556831 
276.067383 	 292.894981 
276.299629 	 293.233818 
276.530869 	 293.573364 
276.761192 	 293.913528 
276.990417 	 294.254425 
277.218498 	 294.596100 
277.445595 	 294.938438 
277.671455 	 295.281601 
277.896309 	 295.625427 
278.119812 	 295.970146 
278.342148 	 296.315620 
278.563248 	 296.661873 
278.782951 	 297.009041 
279.001305 	 297.357056 
279.218262 	 297.705940 
279.433685 	 298.055786 
279.647598 	 298.406570 
279.859955 	 298.758316 
280.070663 	 299.111046 
280.279633 	 299.464828 
280.486771 	 299.819710 
280.692146 	 300.175598 
280.895485 	 300.532677 
281.096832 	 300.890900 
281.296074 	 301.250313 
281.493118 	 301.610962 
281.687874 	 301.972870 
281.880226 	 302.336082 
282.070015 	 302.700668 
282.257309 	 303.066559 
282.441879 	 303.433891 
282.623589 	 303.802643 
282.802391 	 304.172836 
282.978081 	 304.544563 
283.150726 	 304.917755 
283.320007 	 305.292503 
283.485924 	 305.668808 
283.648315 	 306.046669 
283.807068 	 306.426155 
283.962067 	 306.807220 
284.113243 	 307.189865 
284.260483 	 307.574089 
284.403648 	 307.959892 
284.542717 	 308.347298 
284.677597 	 308.736214 
284.808220 	 309.126617 
284.934563 	 309.518532 
285.056534 	 309.911865 
285.174156 	 310.306618 
285.287384 	 310.702698 
285.396309 	 311.100060 
285.500885 	 311.498657 
285.601158 	 311.898422 
285.697243 	 312.299286 
285.789093 	 312.701225 
285.876938 	 313.104126 
285.960800 	 313.507942 
286.040794 	 313.912605 
286.117104 	 314.318047 
286.189865 	 314.724197 
286.259125 	 315.131035 
286.325111 	 315.538467 
286.388031 	 315.946426 
286.447929 	 316.354843 
286.505127 	 316.763809 
286.559692 	 317.173050 
286.611809 	 317.582794 
286.661682 	 317.992722 
286.709473 	 318.403038 
286.755341 	 318.813560 
286.799446 	 319.224289 
286.842018 	 319.635292 
286.883171 	 320.046364 
286.923042 	 320.457619 
286.961838 	 320.868988 
286.999695 	 321.280449 
287.036751 	 321.692001 
287.073120 	 322.103600 
287.108986 	 322.515266 
287.144463 	 322.926956 
287.179665 	 323.338715 
287.214729 	 323.750450 
287.249748 	 324.162186 
287.284859 	 324.573898 
287.320129 	 324.985611 
287.355721 	 325.397278 
287.391678 	 325.808899 
287.428116 	 326.220451 
287.465126 	 326.631935 
287.502777 	 327.043373 
287.541183 	 327.454697 
287.580368 	 327.865929 
287.620445 	 328.277069 
287.661484 	 328.688095 
287.703552 	 329.098984 
287.746674 	 329.509758 
287.790962 	 329.920372 
287.836441 	 330.330894 
287.883179 	 330.741119 
287.931221 	 331.151276 
287.980637 	 331.561226 
288.031471 	 331.970970 
288.083725 	 332.380508 
288.137466 	 332.789841 
288.192787 	 333.198921 
288.249664 	 333.607773 
288.308167 	 334.016464 
288.368294 	 334.424652 
288.430115 	 334.832748 
288.493652 	 335.240501 
288.558952 	 335.647957 
288.626015 	 336.055115 
288.694862 	 336.461929 
288.765587 	 336.868401 
288.838142 	 337.274529 
288.912575 	 337.680290 
288.988907 	 338.085663 
289.067162 	 338.490646 
289.147385 	 338.895309 
289.229530 	 339.299286 
289.313690 	 339.703056 
289.399841 	 340.106323 
289.488029 	 340.509132 
289.578255 	 340.911461 
289.670494 	 341.313309 
289.764839 	 341.714630 
289.861244 	 342.115448 
289.959732 	 342.515717 
290.060326 	 342.915436 
290.163025 	 343.314606 
290.267876 	 343.713181 
290.374832 	 344.111183 
290.483963 	 344.508568 
290.595222 	 344.905334 
290.708656 	 345.301460 
290.824265 	 345.696922 
290.942047 	 346.091721 
291.062004 	 346.485832 
291.184158 	 346.879257 
291.308510 	 347.271950 
291.435059 	 347.663933 
291.563805 	 348.055161 
291.694771 	 348.445633 
291.828003 	 348.835510 
291.963318 	 349.224174 
292.101036 	 349.612518 
292.240791 	 349.999557 
292.382881 	 350.386093 
292.527191 	 350.771690 
292.673790 	 351.156601 
292.822449 	 351.540207 
292.973488 	 351.923241 
293.126724 	 352.305267 
293.282158 	 352.686378 
293.439857 	 353.066551 
293.599800 	 353.445763 
293.761963 	 353.823990 
293.926346 	 354.201233 
294.092972 	 354.577469 
294.261841 	 354.952698 
294.432930 	 355.326897 
294.606239 	 355.700043 
294.781769 	 356.072113 
294.959610 	 356.443291 
295.139465 	 356.812912 
295.321701 	 357.181801 
295.506111 	 357.549477 
295.692719 	 357.916008 
295.881546 	 358.281372 
296.072571 	 358.645569 
296.265793 	 359.008598 
296.461212 	 359.370415 
296.658829 	 359.731018 
296.858620 	 360.090408 
297.060585 	 360.448540 
297.264725 	 360.805412 
297.471062 	 361.161003 
297.679527 	 361.515335 
297.890167 	 361.868340 
298.102959 	 362.220039 
298.317902 	 362.570412 
298.534996 	 362.919434 
298.754196 	 363.267105 
298.975548 	 363.613380 
299.199005 	 363.958282 
299.424591 	 364.301788 
299.652283 	 364.643875 
299.882057 	 364.984543 
300.114052 	 365.323929 
300.347832 	 365.661415 
300.583923 	 365.997780 
300.822166 	 366.332748 
301.062126 	 366.665771 
301.304398 	 366.997650 
301.548683 	 367.327904 
301.794983 	 367.656647 
302.043320 	 367.983810 
302.293671 	 368.309418 
302.546013 	 368.633446 
302.800369 	 368.955872 
303.056717 	 369.276718 
303.315056 	 369.595917 
303.575363 	 369.913513 
303.837776 	 370.229645 
304.101791 	 370.543671 
304.368050 	 370.856369 
304.636162 	 371.167328 
304.906174 	 371.476570 
305.178108 	 371.784096 
305.451965 	 372.089928 
305.727699 	 372.394020 
306.005310 	 372.696373 
306.284821 	 372.996964 
306.566185 	 373.295815 
306.849380 	 373.592857 
307.134430 	 373.888115 
307.421288 	 374.181587 
307.709976 	 374.473228 
308.000496 	 374.763084 
308.292778 	 375.051086 
308.586845 	 375.337212 
308.882675 	 375.621506 
309.180290 	 375.903946 
309.479645 	 376.184486 
309.780739 	 376.463150 
310.083527 	 376.739914 
310.388031 	 377.014755 
310.694252 	 377.287697 
311.002167 	 377.558693 
311.311752 	 377.827766 
311.622986 	 378.094872 
311.935867 	 378.360031 
312.250397 	 378.623222 
312.566551 	 378.884422 
312.884308 	 379.143631 
313.203667 	 379.400848 
313.524605 	 379.656075 
313.847122 	 379.909241 
314.171196 	 380.160416 
314.496826 	 380.409554 
314.823967 	 380.656654 
315.152824 	 380.901833 
315.482712 	 381.144608 
315.814476 	 381.385597 
316.147614 	 381.624435 
316.482216 	 381.861191 
316.818260 	 382.095863 
317.155746 	 382.328430 
317.494652 	 382.558868 
317.834976 	 382.787224 
318.176674 	 383.013451 
318.519768 	 383.237526 
318.864212 	 383.459473 
319.210007 	 383.679291 
319.557152 	 383.896957 
319.905602 	 384.112473 
320.255379 	 384.325790 
320.606415 	 384.537003 
320.958755 	 384.746017 
321.312355 	 384.952835 
321.667213 	 385.157455 
322.023285 	 385.359924 
322.380569 	 385.560196 
322.739067 	 385.758224 
323.098755 	 385.954102 
323.459633 	 386.147736 
323.821655 	 386.339172 
324.184822 	 386.528366 
324.549110 	 386.715363 
324.914520 	 386.900116 
325.281235 	 387.082764 
325.648544 	 387.262939 
326.017319 	 387.441055 
326.387032 	 387.616882 
326.757774 	 387.790466 
327.129547 	 387.961761 
327.502304 	 388.130859 
327.876068 	 388.297714 
328.250816 	 388.462280 
328.626503 	 388.624649 
329.003151 	 388.784683 
329.380714 	 388.942520 
329.759193 	 389.098114 
330.138588 	 389.251419 
330.518852 	 389.402481 
330.899986 	 389.551300 
331.281967 	 389.697830 
331.664795 	 389.842117 
332.048447 	 389.984116 
332.432877 	 390.123917 
332.818108 	 390.261429 
333.204117 	 390.396698 
333.590881 	 390.529724 
333.978378 	 390.660507 
334.366608 	 390.789047 
334.755569 	 390.915344 
335.145218 	 391.039398 
335.535553 	 391.161209 
335.926552 	 391.280777 
336.318192 	 391.398148 
336.710472 	 391.513275 
337.103371 	 391.626205 
337.496887 	 391.736938 
337.890976 	 391.845474 
338.285660 	 391.951767 
338.680893 	 392.055862 
339.076675 	 392.157806 
339.472984 	 392.257553 
339.869797 	 392.355148 
340.267113 	 392.450592 
340.664932 	 392.543884 
341.063232 	 392.635025 
341.461967 	 392.724014 
341.861160 	 392.810898 
342.260765 	 392.895676 
342.660805 	 392.978348 
343.061234 	 393.058960 
343.462051 	 393.137512 
343.863235 	 393.213959 
344.264786 	 393.288391 
344.666679 	 393.360809 
345.069031 	 393.431213 
345.471405 	 393.499557 
345.874329 	 393.566025 
346.277481 	 393.630478 
346.680908 	 393.693008 
347.084610 	 393.753616 
347.488564 	 393.812302 
347.892860 	 393.869110 
348.297112 	 393.924088 
348.701797 	 393.977234 
349.106644 	 394.028549 
349.511696 	 394.078079 
349.916931 	 394.125916 
350.322350 	 394.171967 
350.727928 	 394.216370 
351.133759 	 394.259079 
351.539497 	 394.300140 
351.945557 	 394.339645 
352.351685 	 394.377548 
352.757927 	 394.413940 
353.164284 	 394.448868 
353.570732 	 394.482330 
353.977272 	 394.514374 
354.383904 	 394.545044 
354.790672 	 394.574387 
355.197350 	 394.602493 
355.604210 	 394.629364 
356.011093 	 394.655090 
356.418022 	 394.679672 
356.824997 	 394.703201 
357.232018 	 394.725723 
357.639107 	 394.747330 
358.046150 	 394.768021 
358.453285 	 394.787933 
358.860397 	 394.807114 
359.267578 	 394.825607 
359.674690 	 394.843552 
360.081871 	 394.860947 
360.489052 	 394.877930 
360.896233 	 394.894547 
361.303413 	 394.910980 
361.710594 	 394.927231 
362.117775 	 394.943390 
362.524956 	 394.959595 
362.932114 	 394.975983 
363.339272 	 394.992645 
363.746407 	 395.009674 
364.153519 	 395.027206 
364.560608 	 395.045334 
364.967674 	 395.064240 
365.374718 	 395.084061 
365.781738 	 395.104889 
366.188690 	 395.126907 
366.595596 	 395.150208 
367.002411 	 395.174973 
367.409203 	 395.201431 
367.815834 	 395.229630 
368.222374 	 395.259796 
368.628777 	 395.292068 
369.035042 	 395.326675 
369.441124 	 395.363708 
369.847000 	 395.403397 
370.252647 	 395.445877 
370.657997 	 395.491425 
371.063026 	 395.540085 
371.467690 	 395.592087 
371.871941 	 395.647614 
372.275688 	 395.706802 
372.679001 	 395.769882 
373.081673 	 395.836853 
373.483704 	 395.908035 
373.885002 	 395.983521 
374.285522 	 396.063400 
374.685173 	 396.147812 
375.083885 	 396.236893 
375.481590 	 396.330597 
375.878174 	 396.429199 
376.273567 	 396.532608 
376.667770 	 396.640961 
377.060555 	 396.754349 
377.451988 	 396.872589 
377.841934 	 396.995865 
378.230347 	 397.124130 
378.617157 	 397.257294 
379.002274 	 397.395401 
379.385674 	 397.538361 
379.767334 	 397.686081 
380.147163 	 397.838608 
380.525208 	 397.995621 
380.901352 	 398.157349 
381.275574 	 398.323517 
381.647896 	 398.493988 
382.018250 	 398.668808 
382.386726 	 398.847610 
382.753235 	 399.030579 
383.117798 	 399.217438 
383.480370 	 399.408188 
383.841110 	 399.602463 
384.199860 	 399.800400 
384.556778 	 400.001770 
384.911774 	 400.206573 
385.264938 	 400.414581 
385.616226 	 400.625793 
385.965637 	 400.840027 
386.313309 	 401.057190 
386.659149 	 401.277237 
387.003296 	 401.499985 
387.345749 	 401.725388 
387.686417 	 401.953445 
388.025482 	 402.183975 
388.362900 	 402.416931 
388.698624 	 402.652313 
389.032883 	 402.889847 
389.365494 	 403.129715 
389.696594 	 403.371689 
390.026093 	 403.615814 
390.354172 	 403.861908 
390.680649 	 404.110107 
391.005707 	 404.360184 
391.329346 	 404.612137 
391.651520 	 404.865967 
391.972275 	 405.121628 
392.291565 	 405.379074 
392.609528 	 405.638214 
392.926071 	 405.899048 
393.241150 	 406.161667 
393.554947 	 406.425842 
393.867325 	 406.691711 
394.178329 	 406.959229 
394.488052 	 407.228210 
394.796265 	 407.498932 
395.103149 	 407.771164 
395.408661 	 408.044952 
395.712845 	 408.320251 
396.015564 	 408.597153 
396.316910 	 408.875565 
396.616837 	 409.155533 
396.915390 	 409.436966 
397.212387 	 409.720047 
397.507965 	 410.004593 
397.802078 	 410.290695 
398.094681 	 410.578308 
398.385681 	 410.867569 
398.675125 	 411.158386 
398.963013 	 411.450760 
399.249161 	 411.744873 
399.533707 	 412.040497 
399.816513 	 412.337814 
400.097488 	 412.636871 
400.376678 	 412.937622 
400.653992 	 413.240067 
400.929337 	 413.544342 
401.202713 	 413.850357 
401.473984 	 414.158295 
401.743057 	 414.468155 
402.009979 	 414.779892 
402.274475 	 415.093689 
402.536545 	 415.409500 
402.796234 	 415.727280 
403.053223 	 416.047302 
403.307373 	 416.369568 
403.558777 	 416.693985 
403.807159 	 417.020782 
404.052383 	 417.349960 
404.294174 	 417.681656 
404.532715 	 418.015732 
404.767639 	 418.352371 
404.998627 	 418.691757 
405.225677 	 419.033798 
405.448380 	 419.378723 
405.666733 	 419.726440 
405.880463 	 420.077042 
406.089340 	 420.430573 
406.293045 	 420.787170 
406.491302 	 421.146881 
406.683929 	 421.509659 
406.870651 	 421.875595 
407.051056 	 422.244690 
407.225006 	 422.616943 
407.392181 	 422.992310 
407.552307 	 423.370789 
407.704926 	 423.752426 
407.850128 	 424.136993 
407.987366 	 424.524536 
408.116638 	 424.914871 
408.237534 	 425.307953 
408.350052 	 425.703598 
408.453873 	 426.101669 
408.549133 	 426.501984 
408.635559 	 426.904404 
408.713287 	 427.308655 
408.782318 	 427.714600 
408.842651 	 428.122009 
408.894516 	 428.530655 
408.937866 	 428.940399 
408.973206 	 429.351013 
409.000626 	 429.762314 
409.020355 	 430.174164 
409.032669 	 430.586380 
409.037979 	 430.998825 
409.036469 	 431.411407 
409.028687 	 431.823990 
409.014771 	 432.236526 
408.995178 	 432.648926 
408.970276 	 433.061096 
408.940338 	 433.473038 
408.905823 	 433.884705 
408.866959 	 434.296051 
408.824112 	 434.707077 
408.777603 	 435.117737 
408.727707 	 435.528030 
408.674789 	 435.938004 
408.619080 	 436.347656 
408.560760 	 436.757034 
408.500244 	 437.166138 
408.437668 	 437.574966 
408.373306 	 437.983566 
408.307343 	 438.391937 
408.240005 	 438.800125 
408.171524 	 439.208130 
408.101990 	 439.615997 
408.031677 	 440.023682 
407.960770 	 440.431274 
407.889267 	 440.838776 
407.817490 	 441.246231 
407.745483 	 441.653687 
407.673431 	 442.061142 
407.601425 	 442.468597 
407.529556 	 442.876053 
407.458008 	 443.283554 
407.386871 	 443.691147 
407.316193 	 444.098785 
407.246109 	 444.506516 
407.176666 	 444.914383 
407.108002 	 445.322342 
407.040207 	 445.730438 
406.973328 	 446.138672 
406.907455 	 446.547043 
406.842682 	 446.955597 
406.778961 	 447.364288 
406.716476 	 447.773163 
406.655228 	 448.182175 
406.595352 	 448.591370 
406.536804 	 449.000702 
406.479675 	 449.410217 
406.424011 	 449.819916 
406.369858 	 450.229797 
406.317307 	 450.639862 
406.266312 	 451.050064 
406.216965 	 451.460449 
406.169312 	 451.871017 
406.123398 	 452.281769 
406.079224 	 452.692657 
406.036835 	 453.103729 
405.996277 	 453.514938 
405.957596 	 453.926331 
405.920746 	 454.337860 
405.885864 	 454.749527 
405.852859 	 455.161331 
405.821869 	 455.573227 
405.792892 	 455.985260 
405.765884 	 456.397385 
405.740936 	 456.809601 
405.718048 	 457.221909 
405.697220 	 457.634308 
405.678543 	 458.046799 
405.661926 	 458.459335 
405.647507 	 458.871918 
405.635193 	 459.284546 
405.625122 	 459.697220 
405.617203 	 460.109985 
405.611481 	 460.522705 
405.608002 	 460.935425 
405.606766 	 461.348099 
405.607773 	 461.760773 
405.611023 	 462.173401 
405.616608 	 462.585983 
405.624435 	 462.998566 
405.634598 	 463.411011 
405.647049 	 463.823364 
405.661835 	 464.235626 
405.678909 	 464.647751 
405.698364 	 465.059738 
405.720200 	 465.471634 
405.744370 	 465.883392 
405.770920 	 466.294922 
405.799850 	 466.706268 
405.831116 	 467.117432 
405.864853 	 467.528366 
405.900925 	 467.939072 
405.939468 	 468.349548 
405.980392 	 468.759796 
406.023697 	 469.169724 
406.069473 	 469.579376 
406.117676 	 469.988754 
406.168304 	 470.397766 
406.221359 	 470.806458 
406.276840 	 471.214783 
406.334793 	 471.622742 
406.395218 	 472.030380 
406.458069 	 472.437653 
406.523392 	 472.844467 
406.591141 	 473.250824 
406.661362 	 473.656815 
406.734055 	 474.062302 
406.809219 	 474.467331 
406.886856 	 474.871902 
406.966965 	 475.275970 
407.049545 	 475.679489 
407.134598 	 476.082504 
407.222122 	 476.484970 
407.312119 	 476.886841 
407.404587 	 477.288162 
407.499527 	 477.688889 
407.596939 	 478.088974 
407.696823 	 478.488419 
407.799179 	 478.887222 
407.904007 	 479.285385 
408.011307 	 479.682861 
408.121078 	 480.079651 
408.233322 	 480.475708 
408.348038 	 480.871033 
408.465225 	 481.265625 
408.584839 	 481.659439 
408.706924 	 482.052475 
408.831482 	 482.444733 
408.958511 	 482.836166 
409.087967 	 483.226822 
409.219894 	 483.616608 
409.354248 	 484.005524 
409.491074 	 484.393570 
409.630325 	 484.780746 
409.772003 	 485.167007 
409.916107 	 485.552353 
410.062683 	 485.936737 
410.211639 	 486.320206 
410.363068 	 486.702667 
410.516876 	 487.084167 
410.673111 	 487.464661 
410.831726 	 487.844147 
410.992813 	 488.222580 
411.156235 	 488.600006 
411.322083 	 488.976334 
411.490311 	 489.351608 
411.660919 	 489.725784 
411.833908 	 490.098816 
412.009277 	 490.470749 
412.187027 	 490.841537 
412.367111 	 491.211182 
412.549576 	 491.579636 
412.734375 	 491.946899 
412.921509 	 492.312973 
413.110977 	 492.677811 
413.302780 	 493.041412 
413.496872 	 493.403778 
413.693298 	 493.764862 
413.892059 	 494.124664 
414.093109 	 494.483185 
414.296448 	 494.840378 
414.502075 	 495.196243 
414.709991 	 495.550781 
414.920151 	 495.903946 
415.132599 	 496.255737 
415.347290 	 496.606155 
415.564224 	 496.955154 
415.783401 	 497.302734 
416.004776 	 497.648895 
416.228394 	 497.993591 
416.454208 	 498.336823 
416.682220 	 498.678589 
416.912476 	 499.018845 
417.144882 	 499.357635 
417.379440 	 499.694870 
417.616196 	 500.030548 
417.855103 	 500.364716 
418.096161 	 500.697327 
418.339325 	 501.028336 
418.584641 	 501.357742 
418.832062 	 501.685593 
419.081589 	 502.011795 
419.333221 	 502.336349 
419.586960 	 502.659256 
419.842758 	 502.980515 
420.100616 	 503.300125 
420.360535 	 503.618042 
420.622513 	 503.934219 
420.886505 	 504.248703 
421.152512 	 504.561493 
421.420532 	 504.872498 
421.690567 	 505.181763 
421.962570 	 505.489288 
422.236588 	 505.794983 
422.512527 	 506.098938 
422.790482 	 506.401062 
423.070358 	 506.701401 
423.352158 	 506.999863 
423.635880 	 507.296494 
423.921478 	 507.591293 
424.209000 	 507.884216 
424.498398 	 508.175262 
424.789673 	 508.464432 
425.082779 	 508.751678 
425.377762 	 509.037003 
425.674576 	 509.320404 
425.973175 	 509.601883 
426.273605 	 509.881393 
426.575821 	 510.158936 
426.879822 	 510.434509 
427.185608 	 510.708115 
427.493134 	 510.979706 
427.802399 	 511.249329 
428.113403 	 511.516891 
428.426102 	 511.782440 
428.740494 	 512.045975 
429.056625 	 512.307404 
429.374405 	 512.566818 
429.693832 	 512.824173 
430.014908 	 513.079422 
430.337631 	 513.332611 
430.661957 	 513.583694 
430.987885 	 513.832626 
431.315414 	 514.079453 
431.644501 	 514.324173 
431.975143 	 514.566742 
432.307343 	 514.807159 
432.641098 	 515.045425 
432.976364 	 515.281494 
433.313141 	 515.515411 
433.651382 	 515.747177 
433.991135 	 515.976700 
434.332306 	 516.204071 
434.674942 	 516.429199 
435.019043 	 516.652084 
435.364517 	 516.872772 
435.711411 	 517.091217 
436.059677 	 517.307419 
436.409317 	 517.521378 
436.760330 	 517.733047 
437.112671 	 517.942474 
437.466339 	 518.149612 
437.821289 	 518.354462 
438.177567 	 518.557022 
438.535126 	 518.757294 
438.893921 	 518.955276 
439.253998 	 519.150925 
439.615265 	 519.344284 
439.977768 	 519.535263 
440.341461 	 519.723953 
440.706345 	 519.910263 
441.072418 	 520.094284 
441.439636 	 520.275925 
441.807999 	 520.455185 
442.177460 	 520.632111 
442.548065 	 520.806656 
442.919724 	 520.978867 
443.292480 	 521.148651 
443.666290 	 521.316055 
444.041153 	 521.481079 
444.417023 	 521.643723 
444.793900 	 521.803940 
445.171783 	 521.961731 
445.550629 	 522.117142 
445.930481 	 522.270172 
446.311249 	 522.420731 
446.692978 	 522.568909 
447.075623 	 522.714615 
447.459137 	 522.857941 
447.843567 	 522.998795 
448.228821 	 523.137222 
448.614944 	 523.273224 
449.001892 	 523.406754 
449.389664 	 523.537857 
449.778259 	 523.666489 
450.167633 	 523.792694 
450.557739 	 523.916428 
450.948624 	 524.037735 
451.340240 	 524.156525 
451.732590 	 524.272888 
452.125626 	 524.386780 
452.519348 	 524.498245 
452.913757 	 524.607193 
453.308807 	 524.713669 
453.704498 	 524.817719 
454.100830 	 524.919250 
454.497757 	 525.018356 
454.895233 	 525.114944 
455.293304 	 525.209106 
455.691925 	 525.300751 
456.091095 	 525.389923 
456.490814 	 525.476669 
456.890991 	 525.560898 
457.291718 	 525.642700 
457.692902 	 525.721985 
458.094498 	 525.798798 
458.496597 	 525.873184 
458.899063 	 525.945099 
459.301987 	 526.014496 
459.705322 	 526.081467 
460.108978 	 526.146011 
460.513000 	 526.208038 
460.917435 	 526.267639 
461.322144 	 526.324768 
461.727219 	 526.379471 
462.132523 	 526.431702 
462.538193 	 526.481506 
462.944092 	 526.528839 
463.350220 	 526.573792 
463.756622 	 526.616272 
464.163254 	 526.656326 
464.570114 	 526.694000 
464.977158 	 526.729202 
465.384338 	 526.762024 
465.791702 	 526.792419 
466.199249 	 526.820435 
466.606888 	 526.846069 
467.014664 	 526.869278 
467.422531 	 526.890106 
467.830536 	 526.908600 
468.238541 	 526.924713 
468.646683 	 526.938446 
469.054825 	 526.949890 
469.463013 	 526.958954 
469.871201 	 526.965683 
470.279388 	 526.970078 
470.687576 	 526.972183 
471.095764 	 526.972000 
471.503906 	 526.969482 
471.912048 	 526.964722 
472.320099 	 526.957718 
472.728058 	 526.948425 
473.135971 	 526.936844 
473.543747 	 526.923111 
473.951431 	 526.907089 
474.359024 	 526.888916 
474.766434 	 526.868546 
475.173706 	 526.845978 
475.580841 	 526.821304 
475.987839 	 526.794434 
476.394699 	 526.765457 
476.801331 	 526.734375 
477.207779 	 526.701187 
477.613998 	 526.665939 
478.020035 	 526.628677 
478.425842 	 526.589310 
478.831467 	 526.547974 
479.236816 	 526.504669 
479.641937 	 526.459351 
480.046783 	 526.412155 
480.451401 	 526.362991 
480.855743 	 526.311951 
481.259811 	 526.259033 
481.663605 	 526.204285 
482.067123 	 526.147751 
482.470367 	 526.089432 
482.873337 	 526.029327 
483.276031 	 525.967529 
483.678406 	 525.904037 
484.080505 	 525.838898 
484.482330 	 525.772156 
484.883835 	 525.703857 
485.285065 	 525.634003 
485.686066 	 525.562637 
486.086746 	 525.489853 
486.487198 	 525.415649 
486.887283 	 525.340073 
487.287186 	 525.263214 
487.686813 	 525.185074 
488.086166 	 525.105743 
488.485291 	 525.025269 
488.884186 	 524.943695 
489.282852 	 524.861115 
489.681290 	 524.777573 
490.079498 	 524.693115 
490.477524 	 524.607834 
490.875412 	 524.521820 
491.273117 	 524.435165 
491.670685 	 524.347916 
492.068115 	 524.260117 
492.465500 	 524.171997 
492.862793 	 524.083511 
493.260040 	 523.994843 
493.657288 	 523.906082 
494.054535 	 523.817322 
494.451782 	 523.728699 
494.849121 	 523.640305 
495.246552 	 523.552368 
495.644119 	 523.464935 
496.041870 	 523.378189 
496.439804 	 523.292267 
496.838013 	 523.207352 
497.236542 	 523.123627 
497.635391 	 523.041275 
498.034561 	 522.960434 
498.434143 	 522.881378 
498.834137 	 522.804382 
499.234589 	 522.729492 
499.635544 	 522.657028 
500.037048 	 522.587311 
500.439102 	 522.520523 
500.841751 	 522.456940 
501.244995 	 522.396881 
501.648834 	 522.340576 
502.053360 	 522.288345 
502.458435 	 522.240555 
502.864197 	 522.197479 
503.270508 	 522.159348 
503.677368 	 522.126663 
504.084732 	 522.099564 
504.492554 	 522.078552 
504.900742 	 522.063766 
505.309204 	 522.055573 
505.717850 	 522.054245 
506.126541 	 522.060013 
506.535141 	 522.073288 
506.943512 	 522.094070 
507.351517 	 522.122589 
507.758972 	 522.159027 
508.165695 	 522.203568 
508.571548 	 522.256119 
508.976349 	 522.316818 
509.379913 	 522.385666 
509.782059 	 522.462662 
510.182648 	 522.547485 
510.581543 	 522.640274 
510.978607 	 522.740845 
511.373795 	 522.848785 
511.766922 	 522.964233 
512.157944 	 523.086731 
512.546768 	 523.216232 
512.933395 	 523.352325 
513.317734 	 523.494827 
513.699783 	 523.643463 
514.079544 	 523.797958 
514.457016 	 523.957993 
514.832108 	 524.123611 
515.205048 	 524.294128 
515.575699 	 524.469543 
515.944107 	 524.649673 
516.310364 	 524.834106 
516.674561 	 525.022705 
517.036652 	 525.215286 
517.396729 	 525.411667 
517.754929 	 525.611481 
518.111160 	 525.814774 
518.465561 	 526.021362 
518.818176 	 526.230927 
519.169098 	 526.443375 
519.518417 	 526.658432 
519.865997 	 526.876282 
520.212112 	 527.096558 
520.556717 	 527.319168 
520.899857 	 527.544022 
521.241623 	 527.771027 
521.582016 	 528.000046 
521.921219 	 528.230850 
522.259048 	 528.463669 
522.595688 	 528.698181 
522.931183 	 528.934387 
523.265625 	 529.172058 
523.598877 	 529.411377 
523.931122 	 529.652115 
524.262405 	 529.894180 
524.592728 	 530.137573 
524.922089 	 530.382248 
525.250488 	 530.628204 
525.578110 	 530.875214 
525.904907 	 531.123322 
526.230835 	 531.372574 
526.555984 	 531.622879 
526.880356 	 531.874146 
527.204041 	 532.126282 
527.527039 	 532.379288 
527.849396 	 532.633163 
528.171021 	 532.888000 
528.492050 	 533.143570 
528.812439 	 533.399918 
529.132187 	 533.657089 
529.451477 	 533.914810 
529.770172 	 534.173309 
530.088318 	 534.432449 
530.405869 	 534.692322 
530.722961 	 534.952744 
531.039642 	 535.213669 
531.355774 	 535.475281 
531.671448 	 535.737442 
531.986618 	 536.000198 
532.301468 	 536.263321 
532.615860 	 536.527039 
532.929794 	 536.791260 
533.243362 	 537.055939 
533.556473 	 537.321121 
533.869263 	 537.586716 
534.181686 	 537.852722 
534.493790 	 538.119141 
534.805573 	 538.385925 
535.116989 	 538.653122 
535.428040 	 538.920731 
535.738815 	 539.188705 
536.049271 	 539.457047 
536.359451 	 539.725708 
536.669266 	 539.994736 
536.978806 	 540.264130 
537.288116 	 540.533752 
537.597153 	 540.803741 
537.905869 	 541.074051 
538.214401 	 541.344589 
538.522568 	 541.615540 
538.830597 	 541.886627 
539.138351 	 542.158081 
539.445877 	 542.429764 
539.753174 	 542.701675 
540.060242 	 542.973907 
540.367126 	 543.246323 
540.673782 	 543.518967 
540.980164 	 543.791931 
541.286362 	 544.065125 
541.592422 	 544.338501 
541.898254 	 544.612061 
542.203949 	 544.885803 
542.509323 	 545.159912 
542.814606 	 545.434113 
543.119751 	 545.708450 
543.424713 	 545.983017 
543.729401 	 546.257858 
544.033997 	 546.532837 
544.338409 	 546.808044 
544.642639 	 547.083389 
544.946686 	 547.358963 
545.250732 	 547.634583 
545.554550 	 547.910431 
545.858185 	 548.186462 
546.161636 	 548.462677 
546.464951 	 548.739075 
546.768173 	 549.015564 
547.071304 	 549.292191 
547.374207 	 549.569000 
547.677017 	 549.845947 
547.979736 	 550.122986 
548.282272 	 550.400208 
548.584671 	 550.677567 
548.886978 	 550.955017 
549.189148 	 551.232651 
549.491272 	 551.510330 
549.793167 	 551.788284 
550.095016 	 552.066284 
550.396729 	 552.344421 
550.698395 	 552.622604 
550.999878 	 552.900970 
551.301224 	 553.179474 
551.602524 	 553.458069 
551.903687 	 553.736801 
552.204758 	 554.015625 
552.505783 	 554.294540 
552.806671 	 554.573547 
553.107468 	 554.852646 
553.408173 	 555.131882 
553.708740 	 555.411255 
554.009262 	 555.690674 
554.309647 	 555.970230 
554.610031 	 556.249786 
554.910233 	 556.529572 
555.210480 	 556.809311 
555.510406 	 557.089371 
555.810516 	 557.369247 
556.110352 	 557.649399 
556.410233 	 557.929550 
556.709930 	 558.209839 
557.009583 	 558.490219 
557.309189 	 558.770599 
557.608658 	 559.051163 
557.908081 	 559.331772 
558.207458 	 559.612427 
558.506790 	 559.893127 
558.805939 	 560.174011 
559.105087 	 560.454941 
559.404190 	 560.735916 
559.703110 	 561.017029 
560.002075 	 561.298141 
560.300949 	 561.579346 
560.599686 	 561.860687 
560.898514 	 562.141891 
561.197113 	 562.423370 
561.495758 	 562.704803 
561.794220 	 562.986420 
562.092728 	 563.267990 
562.391144 	 563.549652 
562.689423 	 563.831451 
562.987701 	 564.113251 
563.285934 	 564.395096 
563.584122 	 564.676987 
563.882217 	 564.959015 
564.180222 	 565.241135 
564.478317 	 565.523163 
564.776184 	 565.805420 
565.074097 	 566.087631 
565.371918 	 566.369934 
565.669739 	 566.652237 
565.967377 	 566.934723 
566.265060 	 567.217209 
566.562744 	 567.499649 
566.860291 	 567.782272 
567.157837 	 568.064850 
567.455246 	 568.347610 
567.752701 	 568.630325 
568.050064 	 568.913086 
568.347382 	 569.195892 
568.644608 	 569.478836 
568.941833 	 569.761780 
569.239059 	 570.044724 
569.536194 	 570.327759 
569.833237 	 570.610886 
570.130325 	 570.893967 
570.427277 	 571.177185 
570.724182 	 571.460449 
571.021088 	 571.743713 
571.317993 	 572.026978 
571.614761 	 572.310379 
571.911530 	 572.593781 
572.208252 	 572.877228 
572.504929 	 573.160721 
572.801605 	 573.444214 
573.098145 	 573.727844 
573.394730 	 574.011429 
573.691223 	 574.295105 
573.987762 	 574.578735 
574.284164 	 574.862549 
574.580612 	 575.146271 
574.876923 	 575.430130 
575.173279 	 575.713989 
575.469589 	 575.997894 
575.765854 	 576.281845 
576.061981 	 576.565887 
576.358292 	 576.849792 
576.654373 	 577.133926 
576.950500 	 577.418015 
577.246582 	 577.702148 
577.542664 	 577.986282 
577.838654 	 578.270508 
578.134552 	 578.554825 
578.430542 	 578.839050 
578.726532 	 579.123276 
579.022339 	 579.407684 
579.318100 	 579.692139 
579.613953 	 579.976501 
579.909760 	 580.260910 
580.205521 	 580.545364 
580.501144 	 580.830002 
580.796814 	 581.114548 
581.092529 	 581.399094 
581.388153 	 581.683685 
581.683777 	 581.968323 
581.979309 	 582.253006 
582.274841 	 582.537689 
582.570236 	 582.822510 
582.865768 	 583.107239 
583.161209 	 583.392014 
583.456604 	 583.676834 
583.751999 	 583.961655 
584.047256 	 584.246613 
584.342606 	 584.531525 
584.637863 	 584.816483 
584.933167 	 585.101440 
585.228470 	 585.386398 
585.523636 	 585.671494 
585.818848 	 585.956543 
586.114014 	 586.241638 
586.409134 	 586.526733 
586.704254 	 586.811874 
586.999329 	 587.097061 
587.294403 	 587.382248 
587.589432 	 587.667480 
587.884369 	 587.952805 
588.179398 	 588.238037 
588.474380 	 588.523315 
588.769272 	 588.808685 
589.064163 	 589.094055 
589.359100 	 589.379379 
589.653946 	 589.664795 
