99.999996 	 99.999996 
100.147247 	 100.261368 
100.506741 	 100.902351 
100.654793 	 101.167271 
100.854469 	 101.525745 
101.053734 	 101.884563 
101.252495 	 102.243645 
101.450684 	 102.603046 
101.648266 	 102.962791 
101.845276 	 103.322845 
102.041862 	 103.683140 
102.237797 	 104.043789 
102.433044 	 104.404816 
102.627754 	 104.766140 
102.821766 	 105.127842 
103.015091 	 105.489910 
103.207775 	 105.852322 
103.399933 	 106.215019 
103.591187 	 106.578197 
103.781742 	 106.941742 
103.971542 	 107.305687 
104.160576 	 107.670044 
104.348843 	 108.034801 
104.536297 	 108.399982 
104.722950 	 108.765575 
104.908653 	 109.131660 
105.093521 	 109.498169 
105.277531 	 109.865112 
105.460579 	 110.232548 
105.642620 	 110.600487 
105.823689 	 110.968918 
106.003727 	 111.337852 
106.182850 	 111.707256 
106.360737 	 112.077267 
106.537674 	 112.447735 
106.713398 	 112.818787 
106.887932 	 113.190411 
107.061367 	 113.562561 
107.233521 	 113.935318 
107.404438 	 114.308659 
107.574005 	 114.682617 
107.742348 	 115.057137 
107.909237 	 115.432320 
108.074673 	 115.808155 
108.238781 	 116.184586 
108.401402 	 116.561680 
108.562489 	 116.939449 
108.722031 	 117.317883 
108.879982 	 117.697002 
109.036228 	 118.076843 
109.190998 	 118.457302 
109.343903 	 118.838539 
109.495102 	 119.220474 
109.644505 	 119.603130 
109.792042 	 119.986530 
109.937794 	 120.370640 
110.081612 	 120.755505 
110.223427 	 121.141125 
110.363274 	 121.527489 
110.501141 	 121.914585 
110.636902 	 122.302448 
110.770615 	 122.691055 
110.902222 	 123.080406 
111.031631 	 123.470512 
111.158890 	 123.861351 
111.283894 	 124.252956 
111.406712 	 124.645271 
111.527252 	 125.038319 
111.645504 	 125.432098 
111.761456 	 125.826588 
111.875072 	 126.221798 
111.986320 	 126.617718 
112.095348 	 127.014278 
112.202019 	 127.411526 
112.306263 	 127.809448 
112.408310 	 128.207977 
112.507896 	 128.607159 
112.605297 	 129.006924 
112.700340 	 129.407295 
112.793060 	 129.808239 
112.883617 	 130.209732 
112.971874 	 130.611740 
113.058014 	 131.014275 
113.142002 	 131.417290 
113.223827 	 131.820786 
113.303650 	 132.224716 
113.381367 	 132.629116 
113.457172 	 133.033894 
113.531067 	 133.439060 
113.603119 	 133.844593 
113.673374 	 134.250469 
113.741913 	 134.656654 
113.808792 	 135.063183 
113.874104 	 135.469963 
113.937859 	 135.877064 
114.000217 	 136.284370 
114.061249 	 136.691906 
114.120964 	 137.099659 
114.179432 	 137.507641 
114.236813 	 137.915783 
114.293129 	 138.324108 
114.348518 	 138.732559 
114.402935 	 139.141159 
114.456585 	 139.549896 
114.509480 	 139.958736 
114.561779 	 140.367691 
114.613495 	 140.776714 
114.664684 	 141.185818 
114.715462 	 141.594978 
114.765896 	 142.004196 
114.816090 	 142.413460 
114.866066 	 142.822735 
114.915939 	 143.232044 
114.965744 	 143.641354 
115.015572 	 144.050663 
115.065502 	 144.459961 
115.115547 	 144.869247 
115.165855 	 145.278500 
115.216427 	 145.687717 
115.267365 	 146.096867 
115.318668 	 146.505981 
115.370464 	 146.915028 
115.422764 	 147.323982 
115.475647 	 147.732880 
115.529148 	 148.141674 
115.583347 	 148.550365 
115.638256 	 148.958942 
115.693966 	 149.367428 
115.750477 	 149.775730 
115.807858 	 150.183929 
115.866142 	 150.592014 
115.925388 	 150.999882 
115.985641 	 151.407623 
116.046936 	 151.815216 
116.109283 	 152.222580 
116.172752 	 152.629761 
116.237320 	 153.036724 
116.303089 	 153.443516 
116.370060 	 153.850124 
116.438255 	 154.256413 
116.507721 	 154.662529 
116.578468 	 155.068428 
116.650532 	 155.473972 
116.723934 	 155.879333 
116.798698 	 156.284397 
116.874859 	 156.689175 
116.952415 	 157.093666 
117.031380 	 157.497849 
117.111809 	 157.901768 
117.193668 	 158.305252 
117.277016 	 158.708496 
117.361851 	 159.111374 
117.448174 	 159.513908 
117.536041 	 159.916134 
117.625385 	 160.317913 
117.716251 	 160.719292 
117.808685 	 161.120373 
117.902676 	 161.521088 
117.998165 	 161.921276 
118.095234 	 162.321167 
118.193859 	 162.720669 
118.294006 	 163.119598 
118.395721 	 163.518219 
118.498993 	 163.916370 
118.603798 	 164.314156 
118.710114 	 164.711334 
118.817997 	 165.108170 
118.927402 	 165.504581 
119.038250 	 165.900410 
119.150642 	 166.295883 
119.264500 	 166.690922 
119.379776 	 167.085342 
119.496517 	 167.479420 
119.614677 	 167.872993 
119.734177 	 168.266109 
119.855026 	 168.658768 
119.977203 	 169.050968 
120.100639 	 169.442722 
120.225288 	 169.834042 
120.351128 	 170.224926 
120.478077 	 170.615387 
120.606091 	 171.005482 
120.735054 	 171.395073 
120.864979 	 171.784389 
120.995716 	 172.173340 
121.127163 	 172.561981 
121.259251 	 172.950325 
121.391853 	 173.338451 
121.524822 	 173.726303 
121.658020 	 174.114052 
121.791309 	 174.501675 
121.924450 	 174.889229 
122.057270 	 175.276817 
122.189529 	 175.664497 
122.320942 	 176.052349 
122.451244 	 176.440475 
122.580059 	 176.828968 
122.707031 	 177.217953 
122.831738 	 177.607544 
122.953651 	 177.997890 
123.072201 	 178.389027 
123.186882 	 178.781445 
123.296814 	 179.174732 
123.401424 	 179.569736 
123.499683 	 179.965954 
123.590744 	 180.363842 
123.673576 	 180.763401 
123.747173 	 181.164677 
123.810448 	 181.567646 
123.862381 	 181.972206 
123.902023 	 182.378174 
123.928619 	 182.785263 
123.941528 	 183.193130 
123.940475 	 183.601387 
123.925404 	 184.009598 
123.896564 	 184.417351 
123.854496 	 184.824303 
123.799931 	 185.230122 
123.733795 	 185.634613 
123.657074 	 186.037628 
123.570843 	 186.439121 
123.476143 	 186.839081 
123.373993 	 187.237576 
123.265354 	 187.634708 
123.151096 	 188.030582 
123.032078 	 188.425163 
122.908882 	 188.819126 
122.782356 	 189.211933 
122.652969 	 189.604088 
122.521294 	 189.995544 
122.387684 	 190.386738 
122.252678 	 190.777393 
122.116573 	 191.167809 
121.979691 	 191.558041 
121.842339 	 191.948170 
121.704769 	 192.338287 
121.567200 	 192.728439 
121.429825 	 193.118706 
121.292862 	 193.509109 
121.156448 	 193.899742 
121.020733 	 194.290627 
120.885853 	 194.681831 
120.751957 	 195.073242 
120.619114 	 195.465111 
120.487427 	 195.857391 
120.357067 	 196.249901 
120.227989 	 196.642982 
120.100330 	 197.036545 
119.974239 	 197.430336 
119.849648 	 197.824791 
119.726681 	 198.219681 
119.605396 	 198.615051 
119.485840 	 199.010925 
119.368057 	 199.407280 
119.252094 	 199.804138 
119.137997 	 200.201500 
119.025787 	 200.599388 
118.915524 	 200.997780 
118.807217 	 201.396675 
118.700924 	 201.796074 
118.596668 	 202.195976 
118.494461 	 202.596359 
118.394348 	 202.997246 
118.296341 	 203.398613 
118.200485 	 203.800461 
118.106781 	 204.202789 
118.015251 	 204.605576 
117.925930 	 205.008820 
117.838829 	 205.412521 
117.753971 	 205.816658 
117.671356 	 206.221230 
117.591030 	 206.626236 
117.512981 	 207.031654 
117.437244 	 207.437462 
117.363819 	 207.843681 
117.292728 	 208.250267 
117.223984 	 208.657242 
117.157585 	 209.064560 
117.093567 	 209.472221 
117.031929 	 209.880226 
116.972683 	 210.288551 
116.915840 	 210.697197 
116.861412 	 211.106140 
116.809399 	 211.515358 
116.759811 	 211.924850 
116.712673 	 212.334618 
116.667973 	 212.744614 
116.625732 	 213.154839 
116.585953 	 213.565292 
116.548645 	 213.975952 
116.513821 	 214.386795 
116.481468 	 214.797821 
116.451611 	 215.209007 
116.424259 	 215.620331 
116.399391 	 216.031792 
116.377041 	 216.443367 
116.357197 	 216.855057 
116.339882 	 217.266838 
116.325073 	 217.678688 
116.312794 	 218.090584 
116.303055 	 218.502525 
116.295845 	 218.914810 
116.291176 	 219.326340 
116.289036 	 219.738464 
116.289448 	 220.150749 
116.292400 	 220.562210 
116.297916 	 220.974243 
116.305973 	 221.386070 
116.316582 	 221.797806 
116.329754 	 222.209450 
116.345490 	 222.620979 
116.363777 	 223.032372 
116.384628 	 223.443626 
116.408043 	 223.854721 
116.434021 	 224.265633 
116.462585 	 224.676682 
116.493656 	 225.086700 
116.527348 	 225.497154 
116.563591 	 225.907196 
116.602398 	 226.316986 
116.643780 	 226.726501 
116.687725 	 227.135742 
116.734234 	 227.544662 
116.783318 	 227.953262 
116.834953 	 228.361542 
116.889164 	 228.769455 
116.945938 	 229.177002 
117.005276 	 229.584160 
117.067165 	 229.990906 
117.131630 	 230.397240 
117.198635 	 230.803139 
117.268204 	 231.208580 
117.340336 	 231.613564 
117.415009 	 232.018066 
117.492245 	 232.422066 
117.572021 	 232.825562 
117.654339 	 233.228508 
117.739208 	 233.630905 
117.826607 	 234.032753 
117.916557 	 234.434006 
118.009026 	 234.834663 
118.104034 	 235.234703 
118.201572 	 235.634125 
118.301628 	 236.032906 
118.404202 	 236.431023 
118.509304 	 236.828453 
118.616901 	 237.225197 
118.727016 	 237.621231 
118.839638 	 238.016533 
118.954754 	 238.411102 
119.072365 	 238.804916 
119.192482 	 239.197952 
119.315060 	 239.590210 
119.440144 	 239.981667 
119.567688 	 240.372299 
119.697716 	 240.762085 
119.830193 	 241.151024 
119.965141 	 241.539093 
120.102539 	 241.926292 
120.242386 	 242.312576 
120.384682 	 242.697968 
120.529415 	 243.082420 
120.676575 	 243.465935 
120.826172 	 243.848488 
120.978184 	 244.230057 
121.132599 	 244.610641 
121.289429 	 244.990219 
121.448662 	 245.368767 
121.610287 	 245.746284 
121.774292 	 246.122749 
121.940678 	 246.498138 
122.109444 	 246.872452 
122.280567 	 247.245667 
122.454060 	 247.617783 
122.629898 	 247.988777 
122.808094 	 248.358627 
122.988625 	 248.727310 
123.171478 	 249.094826 
123.356655 	 249.461151 
123.544144 	 249.826286 
123.733944 	 250.190208 
123.926056 	 250.552895 
124.120445 	 250.914345 
124.317123 	 251.274536 
124.516079 	 251.633446 
124.717300 	 251.991074 
124.920788 	 252.347397 
125.126518 	 252.702415 
125.334492 	 253.056107 
125.544708 	 253.408447 
125.757145 	 253.759415 
125.971802 	 254.109032 
126.188667 	 254.457253 
126.407742 	 254.804077 
126.629002 	 255.149483 
126.852436 	 255.493469 
127.078056 	 255.835991 
127.305828 	 256.177071 
127.535763 	 256.516685 
127.767849 	 256.854813 
128.002064 	 257.191452 
128.238419 	 257.526581 
128.476891 	 257.860176 
128.717468 	 258.192238 
128.960140 	 258.522743 
129.204895 	 258.851692 
129.451733 	 259.179062 
129.700871 	 259.505150 
129.951519 	 259.828903 
130.204651 	 260.151627 
130.459705 	 260.472565 
130.716785 	 260.791855 
130.975891 	 261.109520 
131.236988 	 261.425514 
131.500088 	 261.739815 
131.765167 	 262.052444 
132.032204 	 262.363380 
132.301208 	 262.672577 
132.572159 	 262.980080 
132.845032 	 263.285843 
133.119827 	 263.589844 
133.396534 	 263.892128 
133.675129 	 264.192627 
133.955612 	 264.491364 
134.237949 	 264.788292 
134.522141 	 265.083458 
134.808151 	 265.376793 
135.096004 	 265.668343 
135.385643 	 265.958061 
135.677067 	 266.245949 
135.970276 	 266.532005 
136.265224 	 266.816231 
136.561924 	 267.098602 
136.860340 	 267.379120 
137.160461 	 267.657784 
137.462265 	 267.934593 
137.765739 	 268.209526 
138.070862 	 268.482582 
138.377598 	 268.753784 
138.685959 	 269.023087 
138.995899 	 269.290535 
139.307648 	 269.556290 
139.620346 	 269.819687 
139.935047 	 270.081596 
140.251144 	 270.341537 
140.568718 	 270.599602 
140.887745 	 270.855789 
141.208202 	 271.110123 
141.530056 	 271.362602 
141.853306 	 271.613228 
142.177906 	 271.862022 
142.503834 	 272.108986 
142.831055 	 272.354118 
143.159546 	 272.597466 
143.489273 	 272.839005 
143.820202 	 273.078781 
144.152309 	 273.316795 
144.485550 	 273.553116 
144.819889 	 273.787720 
145.155293 	 274.020653 
145.491714 	 274.251961 
145.829098 	 274.481667 
146.167408 	 274.709793 
146.506577 	 274.936432 
146.846558 	 275.161606 
147.187294 	 275.385406 
147.528717 	 275.607903 
147.870735 	 275.829140 
148.213280 	 276.049232 
148.556236 	 276.268318 
148.899513 	 276.486465 
149.242962 	 276.703880 
149.586445 	 276.920700 
149.929779 	 277.137154 
150.272747 	 277.353470 
150.615074 	 277.569992 
150.956417 	 277.787086 
151.296329 	 278.005257 
151.634228 	 278.225143 
151.969254 	 278.447639 
152.300228 	 278.673889 
152.625206 	 278.905724 
152.940994 	 279.145866 
153.241482 	 279.399033 
153.512489 	 279.674332 
153.708893 	 279.991058 
153.665874 	 280.326096 
153.467102 	 280.488007 
152.807613 	 280.704849 
152.275738 	 280.795235 
151.909927 	 280.840576 
151.504005 	 280.881454 
151.083000 	 280.916862 
150.664112 	 280.947395 
150.246780 	 280.974632 
149.830250 	 280.999763 
149.414623 	 281.023544 
148.999008 	 281.046616 
148.584400 	 281.069366 
148.170170 	 281.092209 
147.756363 	 281.115417 
147.342957 	 281.139221 
146.929916 	 281.163826 
146.517220 	 281.189369 
146.104866 	 281.215965 
145.692833 	 281.243774 
145.281097 	 281.272842 
144.869671 	 281.303238 
144.458542 	 281.335030 
144.047710 	 281.368240 
143.637177 	 281.402916 
143.226929 	 281.439056 
142.816990 	 281.476639 
142.407337 	 281.515686 
141.997982 	 281.556152 
141.588902 	 281.597969 
141.180130 	 281.641090 
140.771622 	 281.685425 
140.363388 	 281.730812 
139.955269 	 281.777138 
139.547619 	 281.824150 
139.140186 	 281.871597 
138.732765 	 281.919205 
138.325539 	 281.966446 
137.918346 	 282.012817 
137.511120 	 282.057541 
137.103710 	 282.099586 
136.695980 	 282.137581 
136.287724 	 282.169601 
135.878746 	 282.192947 
135.468922 	 282.203751 
135.058353 	 282.196472 
134.647934 	 282.163513 
134.240147 	 282.095192 
133.840141 	 281.981918 
133.455196 	 281.818726 
133.091537 	 281.609253 
132.750893 	 281.363892 
132.430664 	 281.093811 
132.126389 	 280.807686 
131.833775 	 280.511169 
131.549412 	 280.207947 
131.270782 	 279.900398 
130.996044 	 279.590149 
130.724236 	 279.278687 
130.453114 	 278.965347 
130.183525 	 278.652534 
129.914051 	 278.339676 
129.644440 	 278.027229 
129.374325 	 277.715492 
129.103489 	 277.404625 
128.831703 	 277.094788 
128.558796 	 276.786095 
128.284630 	 276.478683 
128.009125 	 276.172600 
127.732166 	 275.867935 
127.453491 	 275.564529 
127.173786 	 275.263252 
126.892033 	 274.963097 
126.608471 	 274.664429 
126.323856 	 274.368073 
126.037033 	 274.072929 
125.748596 	 273.779640 
125.458420 	 273.488113 
125.166481 	 273.198418 
124.872791 	 272.910530 
124.577328 	 272.624496 
124.280090 	 272.340340 
123.981079 	 272.058060 
123.680294 	 271.777702 
123.377724 	 271.499290 
123.073391 	 271.222801 
122.767307 	 270.948303 
122.459450 	 270.675797 
122.149853 	 270.405281 
121.838516 	 270.136780 
121.525440 	 269.870338 
121.210636 	 269.605911 
120.894127 	 269.343567 
120.575912 	 269.083282 
120.256016 	 268.825104 
119.934425 	 268.569031 
119.611176 	 268.315063 
119.286266 	 268.063225 
118.959721 	 267.813538 
118.631538 	 267.566002 
118.301754 	 267.320618 
117.969967 	 267.077133 
117.637573 	 266.836533 
117.302822 	 266.597580 
116.966698 	 266.360962 
116.629028 	 266.126564 
116.289825 	 265.894409 
115.948700 	 265.664200 
115.607105 	 265.436943 
115.263187 	 265.211403 
114.918011 	 264.988243 
114.571381 	 264.767395 
114.223297 	 264.548813 
113.873783 	 264.332542 
113.522861 	 264.118561 
113.170555 	 263.906914 
112.816853 	 263.697578 
112.461788 	 263.490578 
112.105362 	 263.285934 
111.747608 	 263.083626 
111.388538 	 262.883698 
111.028164 	 262.686127 
110.666508 	 262.490936 
110.303558 	 262.298149 
109.939373 	 262.107742 
109.573940 	 261.919739 
109.207283 	 261.734138 
108.839424 	 261.550964 
108.470364 	 261.370216 
108.100124 	 261.191917 
107.728729 	 261.016045 
107.356201 	 260.842644 
106.982529 	 260.671669 
106.607758 	 260.503189 
106.231876 	 260.337158 
105.854931 	 260.173622 
105.476910 	 260.012558 
105.097847 	 259.854012 
104.717754 	 259.697937 
104.336655 	 259.544403 
103.954548 	 259.393364 
103.571468 	 259.244843 
103.187428 	 259.098862 
102.802425 	 258.955399 
102.416508 	 258.814476 
102.029675 	 258.676117 
101.641937 	 258.540298 
101.253330 	 258.407021 
100.863853 	 258.276329 
100.473518 	 258.148201 
100.082371 	 258.022659 
99.690399 	 257.899681 
99.297638 	 257.779312 
98.904087 	 257.661507 
98.509792 	 257.546310 
98.114742 	 257.433701 
97.718971 	 257.323723 
97.322479 	 257.216354 
96.925312 	 257.111595 
96.527470 	 257.009445 
96.128963 	 256.909927 
95.729805 	 256.813042 
95.330029 	 256.718788 
94.929651 	 256.627190 
94.528685 	 256.538223 
94.127151 	 256.451889 
93.725069 	 256.368210 
93.322443 	 256.287186 
92.919296 	 256.208839 
92.515646 	 256.133125 
92.111526 	 256.060089 
91.706932 	 255.989708 
91.301897 	 255.922005 
90.896427 	 255.856979 
90.490540 	 255.794632 
90.084257 	 255.734962 
89.677603 	 255.677971 
89.270594 	 255.623657 
88.863247 	 255.572021 
88.455574 	 255.523087 
88.047586 	 255.476852 
87.639307 	 255.433296 
87.230129 	 255.392372 
86.822302 	 255.354309 
86.412952 	 255.318810 
86.003712 	 255.286057 
85.594265 	 255.255981 
85.184647 	 255.228630 
84.774857 	 255.203957 
84.364935 	 255.182007 
83.954212 	 255.162735 
83.545046 	 255.146233 
83.134460 	 255.132385 
82.724133 	 255.121239 
82.313759 	 255.112816 
81.903334 	 255.107117 
81.492886 	 255.104095 
81.082460 	 255.103798 
80.672035 	 255.106224 
80.261639 	 255.111328 
79.851316 	 255.119156 
79.441051 	 255.129684 
79.030884 	 255.142937 
78.620813 	 255.158867 
78.210886 	 255.177521 
77.801085 	 255.198875 
77.391449 	 255.222931 
76.981997 	 255.249687 
76.572739 	 255.279144 
76.163698 	 255.311325 
75.754875 	 255.346161 
75.346338 	 255.383720 
74.938042 	 255.423981 
74.530037 	 255.466919 
74.122347 	 255.512535 
73.714983 	 255.560852 
73.307951 	 255.611870 
72.901274 	 255.665565 
72.494980 	 255.721916 
72.089098 	 255.780968 
71.683605 	 255.842697 
71.278553 	 255.907082 
70.873959 	 255.974167 
70.469805 	 256.043884 
70.066172 	 256.116280 
69.663019 	 256.191353 
69.260376 	 256.269058 
68.857550 	 256.349579 
68.457127 	 256.432365 
68.055794 	 256.518105 
67.655422 	 256.606407 
67.255657 	 256.697342 
66.856522 	 256.790909 
66.458033 	 256.887108 
66.060207 	 256.985939 
65.663057 	 257.087379 
65.266611 	 257.191429 
64.870880 	 257.298088 
64.475882 	 257.407356 
64.081633 	 257.519234 
63.688145 	 257.633698 
63.295452 	 257.750748 
62.903561 	 257.870384 
62.512487 	 257.992607 
62.122250 	 258.117393 
61.732870 	 258.244743 
61.344360 	 258.374657 
60.956738 	 258.507111 
60.570036 	 258.642128 
60.184238 	 258.779663 
59.799419 	 258.919739 
59.415539 	 259.062355 
59.032631 	 259.207489 
58.650724 	 259.355141 
58.269825 	 259.505287 
57.889973 	 259.657928 
57.511162 	 259.813065 
57.133410 	 259.970695 
56.756733 	 260.130775 
56.381178 	 260.293350 
56.006699 	 260.458374 
55.633381 	 260.625847 
55.261202 	 260.795769 
54.890190 	 260.968117 
54.520369 	 261.142891 
54.151749 	 261.320068 
53.784359 	 261.499672 
53.418182 	 261.681679 
53.053265 	 261.866066 
52.689617 	 262.052834 
52.327257 	 262.241959 
51.966208 	 262.433441 
51.606485 	 262.627281 
51.248091 	 262.823479 
50.891041 	 263.021988 
50.535381 	 263.222809 
50.181107 	 263.425941 
49.828251 	 263.631363 
49.476820 	 263.839050 
49.126842 	 264.049026 
48.778313 	 264.261246 
48.431282 	 264.475708 
48.085739 	 264.692413 
47.741713 	 264.911339 
47.399217 	 265.132462 
47.058291 	 265.355759 
46.718940 	 265.581230 
46.381185 	 265.808876 
46.045029 	 266.038651 
45.710535 	 266.270531 
45.377695 	 266.504539 
45.046517 	 266.740631 
44.717048 	 266.978783 
44.389309 	 267.218971 
44.063321 	 267.461174 
43.739127 	 267.705368 
43.416727 	 267.951530 
43.096181 	 268.199638 
42.777483 	 268.449646 
42.460722 	 268.701508 
42.145892 	 268.955223 
41.833042 	 269.210701 
41.522264 	 269.467918 
41.213556 	 269.726807 
40.907043 	 269.987274 
40.602771 	 270.249252 
40.300873 	 270.512604 
40.001464 	 270.777237 
39.704684 	 271.042969 
39.410769 	 271.309547 
39.120020 	 271.576653 
38.832873 	 271.843872 
38.549941 	 272.110497 
38.272319 	 272.375404 
38.001829 	 272.636719 
37.742146 	 272.890594 
37.501974 	 273.128082 
37.304624 	 273.325172 
37.035519 	 273.596809 
36.520286 	 274.126442 
36.201656 	 274.460381 
35.935244 	 274.743462 
35.648360 	 275.052338 
35.358659 	 275.368584 
35.073392 	 275.684326 
34.791710 	 276.000458 
34.512980 	 276.317596 
34.237095 	 276.635857 
33.963278 	 276.956108 
33.693732 	 277.275742 
33.425546 	 277.598167 
33.160134 	 277.921692 
32.897261 	 278.246567 
32.636859 	 278.572906 
32.378878 	 278.900688 
32.123345 	 279.229935 
31.870208 	 279.560646 
31.619479 	 279.892845 
31.371131 	 280.226532 
31.125172 	 280.561684 
30.881598 	 280.898323 
30.639779 	 281.237320 
30.401876 	 281.575584 
30.165178 	 281.917007 
29.931107 	 282.259529 
29.699444 	 282.603447 
29.470167 	 282.948807 
29.243282 	 283.295586 
29.018789 	 283.643806 
28.796708 	 283.993401 
28.577013 	 284.344414 
28.359733 	 284.696800 
28.144867 	 285.050537 
27.932433 	 285.405647 
27.722405 	 285.762108 
27.514815 	 286.119896 
27.309663 	 286.478989 
27.106962 	 286.839386 
26.906711 	 287.201065 
26.708922 	 287.564026 
26.513592 	 287.928246 
26.320719 	 288.293724 
26.130332 	 288.660416 
25.942431 	 289.028320 
25.757026 	 289.397438 
25.573614 	 289.768753 
25.393933 	 290.138718 
25.215803 	 290.511818 
25.040400 	 290.885605 
24.867534 	 291.260490 
24.697203 	 291.636475 
24.529409 	 292.013557 
24.364140 	 292.391739 
24.201430 	 292.770950 
24.041276 	 293.151215 
23.883674 	 293.532486 
23.728643 	 293.914810 
23.576187 	 294.298096 
23.426295 	 294.682388 
23.278989 	 295.067642 
23.134283 	 295.453812 
22.992166 	 295.840942 
22.852643 	 296.228966 
22.715743 	 296.617859 
22.581439 	 297.007668 
22.449753 	 297.398346 
22.320693 	 297.789848 
22.194254 	 298.182175 
22.070450 	 298.575325 
21.949290 	 298.969276 
21.830758 	 299.363983 
21.714881 	 299.759468 
21.601652 	 300.155685 
21.491082 	 300.552635 
21.383165 	 300.950294 
21.277915 	 301.348640 
21.175331 	 301.747650 
21.075427 	 302.147324 
20.978189 	 302.547615 
20.883644 	 302.948547 
20.791773 	 303.350075 
20.702594 	 303.752174 
20.616105 	 304.154846 
20.532313 	 304.558067 
20.451219 	 304.961815 
20.372831 	 305.366089 
20.297141 	 305.770866 
20.224158 	 306.176102 
20.153888 	 306.581795 
20.086328 	 306.987946 
20.021487 	 307.394508 
19.959364 	 307.801483 
19.899961 	 308.208847 
19.843284 	 308.616577 
19.789325 	 309.024651 
19.738101 	 309.433090 
19.689609 	 309.841827 
19.643844 	 310.250862 
19.600808 	 310.660172 
19.560513 	 311.069756 
19.522951 	 311.479591 
19.488124 	 311.889656 
19.456036 	 312.299927 
19.426696 	 312.710381 
19.400089 	 313.120995 
19.376228 	 313.531792 
19.355109 	 313.942703 
19.336736 	 314.353752 
19.321103 	 314.764893 
19.308223 	 315.176125 
19.298079 	 315.587402 
19.290682 	 315.998726 
19.286034 	 316.410072 
19.284136 	 316.821465 
19.284971 	 317.232811 
19.288559 	 317.644157 
19.294892 	 318.055435 
19.303971 	 318.466667 
19.315786 	 318.877785 
19.330347 	 319.288834 
19.347653 	 319.699768 
19.367701 	 320.110542 
19.390484 	 320.521179 
19.416012 	 320.931656 
19.444270 	 321.341904 
19.475274 	 321.751968 
19.509004 	 322.161781 
19.545469 	 322.571342 
19.584665 	 322.980675 
19.626586 	 323.389709 
19.671244 	 323.798470 
19.718619 	 324.206863 
19.768723 	 324.614960 
19.821539 	 325.022667 
19.877077 	 325.430031 
19.935328 	 325.836983 
19.996300 	 326.243546 
20.059972 	 326.649651 
20.126355 	 327.055344 
20.195429 	 327.460556 
20.267222 	 327.865311 
20.341696 	 328.269539 
20.418875 	 328.673286 
20.498736 	 329.076462 
20.581288 	 329.479111 
20.666515 	 329.881165 
20.754426 	 330.282669 
20.845016 	 330.683556 
20.938269 	 331.083824 
21.034191 	 331.483452 
21.132767 	 331.882393 
21.234003 	 332.280693 
21.337900 	 332.678284 
21.444438 	 333.075165 
21.553612 	 333.471336 
21.665435 	 333.866753 
21.779888 	 334.261391 
21.896961 	 334.655273 
22.016666 	 335.048332 
22.138969 	 335.440567 
22.263900 	 335.831978 
22.391428 	 336.222542 
22.521555 	 336.612236 
22.654274 	 337.001060 
22.789587 	 337.388969 
22.927475 	 337.775963 
23.067939 	 338.162018 
23.210980 	 338.547112 
23.356559 	 338.931221 
23.504710 	 339.314369 
23.655408 	 339.696510 
23.808650 	 340.077621 
23.964423 	 340.457703 
24.122729 	 340.836731 
24.283550 	 341.214684 
24.446886 	 341.591537 
24.612725 	 341.967293 
24.781054 	 342.341904 
24.951882 	 342.715393 
25.125192 	 343.087738 
25.300979 	 343.458893 
25.479232 	 343.828880 
25.659934 	 344.197632 
25.843100 	 344.565193 
26.028697 	 344.931496 
26.216738 	 345.296562 
26.407207 	 345.660370 
26.600080 	 346.022850 
26.795374 	 346.384071 
26.993053 	 346.743942 
27.193133 	 347.102509 
27.395602 	 347.459724 
27.600431 	 347.815544 
27.807624 	 348.170013 
28.017179 	 348.523087 
28.229064 	 348.874718 
28.443297 	 349.224953 
28.659842 	 349.573723 
28.878716 	 349.921051 
29.099891 	 350.266914 
29.323365 	 350.611267 
29.549123 	 350.954132 
29.777141 	 351.295464 
30.007439 	 351.635262 
30.239991 	 351.973526 
30.474787 	 352.310211 
30.711817 	 352.645340 
30.951067 	 352.978867 
31.192537 	 353.310768 
31.436208 	 353.641068 
31.682050 	 353.969696 
31.930086 	 354.296700 
32.180285 	 354.622032 
32.432648 	 354.945694 
32.687156 	 355.267639 
32.943795 	 355.587891 
33.202555 	 355.906425 
33.463428 	 356.223221 
33.726417 	 356.538254 
33.991462 	 356.851524 
34.258598 	 357.163010 
34.527806 	 357.472710 
34.799057 	 357.780602 
35.072345 	 358.086685 
35.347661 	 358.390915 
35.624997 	 358.693314 
35.904330 	 358.993858 
36.185658 	 359.292503 
36.468965 	 359.589294 
36.754217 	 359.884163 
37.041441 	 360.177132 
37.330605 	 360.468178 
37.621694 	 360.757278 
37.914697 	 361.044434 
38.209597 	 361.329620 
38.506382 	 361.612839 
38.805038 	 361.894066 
39.105557 	 362.173302 
39.407936 	 362.450523 
39.712114 	 362.725685 
40.018138 	 362.998856 
40.325961 	 363.269943 
40.635584 	 363.538994 
40.946972 	 363.805962 
41.260128 	 364.070847 
41.575038 	 364.333626 
41.891682 	 364.594322 
42.210039 	 364.852890 
42.530116 	 365.109306 
42.851890 	 365.363617 
43.175314 	 365.615753 
43.500426 	 365.865715 
43.827192 	 366.113525 
44.155581 	 366.359138 
44.485594 	 366.602577 
44.817212 	 366.843773 
45.150433 	 367.082794 
45.485201 	 367.319550 
45.821557 	 367.554085 
46.159452 	 367.786377 
46.498878 	 368.016403 
46.839824 	 368.244164 
47.182265 	 368.469658 
47.526192 	 368.692841 
47.871597 	 368.913757 
48.218445 	 369.132339 
48.566746 	 369.348610 
48.916466 	 369.562569 
49.267582 	 369.774170 
49.620100 	 369.983459 
49.973986 	 370.190369 
50.329245 	 370.394920 
50.685848 	 370.597115 
51.043774 	 370.796906 
51.403021 	 370.994339 
51.763550 	 371.189346 
52.125378 	 371.381950 
52.488464 	 371.572151 
52.852787 	 371.759926 
53.218346 	 371.945274 
53.585123 	 372.128174 
53.953102 	 372.308647 
54.322254 	 372.486649 
54.692585 	 372.662201 
55.064060 	 372.835281 
55.436680 	 373.005867 
55.810421 	 373.174004 
56.185238 	 373.339622 
56.561159 	 373.502747 
56.938145 	 373.663376 
57.316172 	 373.821487 
57.695234 	 373.977081 
58.075315 	 374.130157 
58.456392 	 374.280693 
58.838459 	 374.428688 
59.221493 	 374.574142 
59.605465 	 374.717056 
59.990364 	 374.857407 
60.376190 	 374.995193 
60.762915 	 375.130417 
61.150509 	 375.263054 
61.538973 	 375.393127 
61.928272 	 375.520615 
62.318401 	 375.645515 
62.709343 	 375.767807 
63.101091 	 375.887512 
63.493607 	 376.004608 
63.886877 	 376.119072 
64.280909 	 376.230949 
64.675632 	 376.340195 
65.071077 	 376.446831 
65.467197 	 376.550835 
65.863998 	 376.652184 
66.261469 	 376.750923 
66.659540 	 376.847008 
67.058252 	 376.940460 
67.457554 	 377.031258 
67.857439 	 377.119423 
68.257879 	 377.204910 
68.658892 	 377.287743 
69.060419 	 377.367943 
69.462439 	 377.445442 
69.864985 	 377.520309 
70.267971 	 377.592476 
70.671444 	 377.661987 
71.075335 	 377.728821 
71.479654 	 377.792976 
71.884375 	 377.854454 
72.289478 	 377.913254 
72.694942 	 377.969376 
73.100756 	 378.022820 
73.506901 	 378.073563 
73.913372 	 378.121628 
74.320124 	 378.166992 
74.727161 	 378.209679 
75.134445 	 378.249687 
75.541958 	 378.286995 
75.949711 	 378.321625 
76.357653 	 378.353554 
76.765795 	 378.382782 
77.174109 	 378.409332 
77.582554 	 378.433205 
77.991125 	 378.454376 
78.399822 	 378.472847 
78.808617 	 378.488663 
79.217451 	 378.501778 
79.626371 	 378.512192 
80.035337 	 378.519951 
80.444292 	 378.525032 
80.853258 	 378.527435 
81.262213 	 378.527161 
81.671133 	 378.524231 
82.079990 	 378.518623 
82.488785 	 378.510361 
82.897482 	 378.499466 
83.306053 	 378.485916 
83.714510 	 378.469734 
84.122812 	 378.450943 
84.530931 	 378.429520 
84.938885 	 378.405487 
85.346632 	 378.378868 
85.754150 	 378.349686 
86.161417 	 378.317963 
86.568415 	 378.283699 
86.975138 	 378.246918 
87.381563 	 378.207664 
87.787663 	 378.166008 
88.193396 	 378.121948 
88.598791 	 378.075554 
89.003803 	 378.026917 
89.408409 	 377.976128 
89.812597 	 377.923302 
90.216362 	 377.868599 
90.619680 	 377.812225 
91.022564 	 377.754501 
91.425001 	 377.695839 
91.827044 	 377.636856 
92.228777 	 377.578537 
92.630339 	 377.522461 
93.032043 	 377.471306 
93.434515 	 377.430061 
93.838715 	 377.408981 
94.244837 	 377.430199 
94.644562 	 377.535599 
95.011356 	 377.754318 
95.331516 	 378.048798 
95.614786 	 378.367401 
95.878338 	 378.692482 
96.133255 	 379.021225 
96.384144 	 379.351639 
96.633167 	 379.682487 
96.881584 	 380.012993 
97.130207 	 380.342720 
97.379539 	 380.671463 
97.629913 	 380.998993 
97.881592 	 381.325195 
98.134747 	 381.650024 
98.389492 	 381.973366 
98.645920 	 382.295197 
98.904110 	 382.615448 
99.164108 	 382.934097 
99.425926 	 383.251122 
99.689621 	 383.566452 
99.955215 	 383.880135 
100.222710 	 384.192078 
100.492126 	 384.502304 
100.763454 	 384.810791 
101.036716 	 385.117493 
101.311913 	 385.422409 
101.589020 	 385.725540 
101.868050 	 386.026840 
102.149002 	 386.326309 
102.431866 	 386.623901 
102.716652 	 386.919662 
103.003315 	 387.213501 
103.291889 	 387.505508 
103.582317 	 387.795547 
103.874657 	 388.083710 
104.168850 	 388.369949 
104.464909 	 388.654221 
104.762821 	 388.936523 
105.062553 	 389.216858 
105.364105 	 389.495178 
105.667465 	 389.771530 
105.972622 	 390.045868 
106.279575 	 390.318146 
106.588303 	 390.588409 
106.898769 	 390.856613 
107.210999 	 391.122757 
107.524967 	 391.386841 
107.840664 	 391.648819 
108.158077 	 391.908691 
108.477173 	 392.166504 
108.797951 	 392.422119 
109.120422 	 392.675674 
109.444530 	 392.927032 
109.770298 	 393.176285 
110.097679 	 393.423340 
110.426697 	 393.668243 
110.757305 	 393.910950 
111.089504 	 394.151413 
111.423283 	 394.389725 
111.758595 	 394.625793 
112.095463 	 394.859619 
112.433865 	 395.091248 
112.773766 	 395.320587 
113.115189 	 395.547684 
113.458088 	 395.772491 
113.802452 	 395.995056 
114.148258 	 396.215286 
114.495518 	 396.433273 
114.844185 	 396.648926 
115.194294 	 396.862244 
115.545799 	 397.073273 
115.898655 	 397.281921 
116.252895 	 397.488281 
116.608463 	 397.692215 
116.965393 	 397.893860 
117.323605 	 398.093079 
117.683144 	 398.289963 
118.043941 	 398.484421 
118.406033 	 398.676498 
118.769360 	 398.866196 
119.133923 	 399.053421 
119.499733 	 399.238312 
119.866711 	 399.420685 
120.234913 	 399.600677 
120.604259 	 399.778198 
120.974785 	 399.953293 
121.346432 	 400.125916 
121.719200 	 400.296066 
122.093079 	 400.463745 
122.468044 	 400.628952 
122.844086 	 400.791687 
123.221191 	 400.951904 
123.599350 	 401.109650 
123.978516 	 401.264832 
124.358711 	 401.417587 
124.739857 	 401.567734 
125.122032 	 401.715408 
125.505123 	 401.860519 
125.889175 	 402.003113 
126.274132 	 402.143188 
126.659992 	 402.280655 
127.046780 	 402.415604 
127.434402 	 402.547989 
127.822895 	 402.677811 
128.212246 	 402.805023 
128.602375 	 402.929672 
128.993328 	 403.051758 
129.385059 	 403.171280 
129.777546 	 403.288147 
130.170834 	 403.402451 
130.564808 	 403.514191 
130.959503 	 403.623276 
131.354931 	 403.729752 
131.751022 	 403.833618 
132.147778 	 403.934875 
132.545174 	 404.033524 
132.943199 	 404.129517 
133.341854 	 404.222900 
133.741081 	 404.313675 
134.140881 	 404.401794 
134.541252 	 404.487259 
134.942173 	 404.570068 
135.343620 	 404.650269 
135.745548 	 404.727814 
136.147980 	 404.802704 
136.550892 	 404.874939 
136.954250 	 404.944519 
137.358044 	 405.011444 
137.762260 	 405.075714 
138.166878 	 405.137329 
138.571873 	 405.196289 
138.977234 	 405.252548 
139.382961 	 405.306152 
139.788986 	 405.357101 
140.195320 	 405.405396 
140.601940 	 405.450989 
141.008869 	 405.493927 
141.416027 	 405.534210 
141.823425 	 405.571793 
142.231064 	 405.606720 
142.638885 	 405.638992 
143.046890 	 405.668564 
143.455078 	 405.695480 
143.863403 	 405.719742 
144.271854 	 405.741302 
144.681313 	 405.760254 
145.088654 	 405.776459 
145.497837 	 405.790054 
145.906643 	 405.800949 
146.315506 	 405.809235 
146.724358 	 405.814819 
147.133244 	 405.817795 
147.542084 	 405.818115 
147.950935 	 405.815735 
148.359707 	 405.810791 
148.768398 	 405.803146 
149.177055 	 405.792892 
149.585575 	 405.780029 
149.993969 	 405.764557 
150.402225 	 405.746429 
150.810356 	 405.725739 
151.218281 	 405.702484 
151.625999 	 405.676620 
152.033546 	 405.648193 
152.440842 	 405.617203 
152.847908 	 405.583649 
153.254734 	 405.547623 
153.661240 	 405.509125 
154.067448 	 405.468109 
154.473381 	 405.424667 
154.878960 	 405.378799 
155.284218 	 405.330551 
155.689110 	 405.280014 
156.093613 	 405.227188 
156.497749 	 405.172119 
156.901508 	 405.114944 
157.304844 	 405.055756 
157.707767 	 404.994644 
158.110313 	 404.931793 
158.512447 	 404.867386 
158.914192 	 404.801697 
159.315582 	 404.735001 
159.716721 	 404.667892 
160.117619 	 404.600922 
160.518517 	 404.535095 
160.919586 	 404.471786 
161.321239 	 404.413193 
161.724060 	 404.362885 
162.128849 	 404.326859 
162.536419 	 404.315552 
162.946003 	 404.346588 
163.351021 	 404.443039 
163.737247 	 404.616394 
164.094086 	 404.850082 
164.423229 	 405.116776 
164.733273 	 405.399353 
165.032066 	 405.690262 
165.324348 	 405.985703 
165.612888 	 406.283478 
165.899368 	 406.582260 
166.184853 	 406.881180 
166.470097 	 407.179733 
166.755592 	 407.477554 
167.041729 	 407.774368 
167.328747 	 408.069992 
167.616852 	 408.364243 
167.906181 	 408.657074 
168.196827 	 408.948349 
168.488914 	 409.238022 
168.782478 	 409.526001 
169.077564 	 409.812286 
169.374207 	 410.096786 
169.672474 	 410.379501 
169.972355 	 410.660431 
170.273872 	 410.939484 
170.577049 	 411.216614 
170.881874 	 411.491867 
171.188347 	 411.765198 
171.496490 	 412.036560 
171.806282 	 412.306000 
172.117756 	 412.573425 
172.430912 	 412.838882 
172.745693 	 413.102280 
173.062145 	 413.363663 
173.380234 	 413.623032 
173.699924 	 413.880295 
174.021275 	 414.135498 
174.344238 	 414.388596 
174.668793 	 414.639633 
174.994938 	 414.888519 
175.322697 	 415.135300 
175.652012 	 415.379929 
175.982895 	 415.622406 
176.315334 	 415.862732 
176.649307 	 416.100861 
176.984802 	 416.336792 
177.321808 	 416.570572 
177.660313 	 416.802109 
178.000317 	 417.031403 
178.341774 	 417.258499 
178.684685 	 417.483353 
179.029049 	 417.705917 
179.374855 	 417.926285 
179.722069 	 418.144318 
180.070702 	 418.360107 
180.420696 	 418.573608 
180.772076 	 418.784821 
181.124828 	 418.993698 
181.478931 	 419.200241 
181.834351 	 419.404495 
182.191074 	 419.606369 
182.549114 	 419.805954 
182.908424 	 420.003159 
183.269028 	 420.197983 
183.630878 	 420.390472 
183.993965 	 420.580536 
184.358299 	 420.768265 
184.723824 	 420.953568 
185.090549 	 421.136444 
185.458443 	 421.316940 
185.827492 	 421.495010 
186.197697 	 421.670654 
186.569023 	 421.843872 
186.941471 	 422.014664 
187.315018 	 422.182983 
187.689651 	 422.348831 
188.065350 	 422.512253 
188.442078 	 422.673203 
188.819859 	 422.831635 
189.198669 	 422.987640 
189.578453 	 423.141129 
189.959244 	 423.292145 
190.340996 	 423.440643 
190.723709 	 423.586624 
191.107361 	 423.730087 
191.491917 	 423.871078 
191.877365 	 424.009506 
192.263741 	 424.145416 
192.650963 	 424.278763 
193.039055 	 424.409592 
193.427948 	 424.537903 
193.817665 	 424.663605 
194.208206 	 424.786789 
194.599503 	 424.907410 
194.991577 	 425.025421 
195.384430 	 425.140915 
195.777992 	 425.253799 
196.172287 	 425.364166 
196.567268 	 425.471878 
196.962959 	 425.577026 
197.359291 	 425.679611 
197.756264 	 425.779541 
198.153900 	 425.876907 
198.552109 	 425.971710 
198.950912 	 426.063858 
199.350334 	 426.153397 
199.750328 	 426.240326 
200.150848 	 426.324646 
200.551895 	 426.406311 
200.953468 	 426.485413 
201.355499 	 426.561859 
201.758057 	 426.635696 
202.161049 	 426.706879 
202.564499 	 426.775406 
202.968384 	 426.841370 
203.372635 	 426.904633 
203.777321 	 426.965286 
204.182350 	 427.023285 
204.587746 	 427.078674 
204.993462 	 427.131363 
205.399521 	 427.181442 
205.805855 	 427.228867 
206.212486 	 427.273636 
206.619392 	 427.315750 
207.026550 	 427.355255 
207.433937 	 427.392059 
207.841553 	 427.426254 
208.249352 	 427.457748 
208.657356 	 427.486633 
209.065498 	 427.512817 
209.473824 	 427.536392 
209.882240 	 427.557266 
210.290794 	 427.575531 
210.699417 	 427.591095 
211.108154 	 427.604050 
211.516914 	 427.614349 
211.925720 	 427.621948 
212.334595 	 427.626938 
212.743446 	 427.629272 
213.152275 	 427.628952 
213.561081 	 427.625977 
213.969841 	 427.620346 
214.378555 	 427.612061 
214.787178 	 427.601166 
215.195709 	 427.587570 
215.604126 	 427.571365 
216.012405 	 427.552505 
216.420547 	 427.531036 
216.828506 	 427.506912 
217.236305 	 427.480133 
217.643898 	 427.450745 
218.051285 	 427.418701 
218.458443 	 427.384048 
218.865349 	 427.346786 
219.271980 	 427.306870 
219.678337 	 427.264343 
220.084373 	 427.219208 
220.490089 	 427.171463 
220.895485 	 427.121109 
221.300514 	 427.068146 
221.705177 	 427.012573 
222.109451 	 426.954391 
222.513336 	 426.893646 
222.916786 	 426.830292 
223.319801 	 426.764328 
223.722382 	 426.695801 
224.124481 	 426.624710 
224.526100 	 426.551010 
224.927216 	 426.474747 
225.327827 	 426.395920 
225.727890 	 426.314575 
226.127403 	 426.230621 
226.526367 	 426.144150 
226.924736 	 426.055115 
227.322510 	 425.963562 
227.719643 	 425.869446 
228.116158 	 425.772812 
228.512032 	 425.673660 
228.907242 	 425.571991 
229.301765 	 425.467850 
229.695580 	 425.361145 
230.088707 	 425.251968 
230.481102 	 425.140320 
230.872742 	 425.026154 
231.263626 	 424.909515 
231.653755 	 424.790451 
232.043037 	 424.668869 
232.431564 	 424.544861 
232.819244 	 424.418427 
233.206100 	 424.289520 
233.592110 	 424.158188 
233.977249 	 424.024429 
234.361519 	 423.888245 
234.744850 	 423.749634 
235.127312 	 423.608643 
235.508812 	 423.465271 
235.889397 	 423.319519 
236.268997 	 423.171387 
236.647659 	 423.020874 
237.025337 	 422.867981 
237.402031 	 422.712753 
237.777695 	 422.555237 
238.152306 	 422.395340 
238.525909 	 422.233154 
238.898415 	 422.068634 
239.269890 	 421.901825 
239.640266 	 421.732727 
240.009544 	 421.561340 
240.377724 	 421.387711 
240.744759 	 421.211792 
241.110672 	 421.033630 
241.475418 	 420.853271 
241.838974 	 420.670670 
242.201385 	 420.485825 
242.562607 	 420.298828 
242.922592 	 420.109634 
243.281364 	 419.918243 
243.639244 	 419.724518 
243.995110 	 419.529053 
244.350334 	 419.331116 
244.704117 	 419.131165 
245.056641 	 418.929108 
245.407837 	 418.724945 
245.757751 	 418.518677 
246.106361 	 418.310349 
246.453644 	 418.099960 
246.799576 	 417.887558 
247.144157 	 417.673096 
247.487389 	 417.456619 
247.829247 	 417.238174 
248.169708 	 417.017715 
248.508797 	 416.795334 
248.846443 	 416.570984 
249.182693 	 416.344711 
249.517525 	 416.116516 
249.850937 	 415.886444 
250.182884 	 415.654495 
250.513321 	 415.420715 
250.842316 	 415.185104 
251.169823 	 414.947662 
251.495842 	 414.708435 
251.820374 	 414.467468 
252.143372 	 414.224716 
252.464859 	 413.980270 
252.784813 	 413.734131 
253.103188 	 413.486343 
253.420006 	 413.236908 
253.735245 	 412.985870 
254.048927 	 412.733276 
254.360962 	 412.479126 
254.671394 	 412.223511 
254.980179 	 411.966431 
255.287292 	 411.707932 
255.592735 	 411.448059 
255.896439 	 411.186905 
256.198402 	 410.924515 
256.498604 	 410.660889 
256.796974 	 410.396210 
257.093445 	 410.130524 
257.387947 	 409.863922 
257.680435 	 409.596588 
257.970749 	 409.328613 
258.258728 	 409.060272 
258.544144 	 408.791840 
258.826698 	 408.523636 
259.105865 	 408.256302 
259.380913 	 407.990616 
259.650536 	 407.727997 
259.912331 	 407.470917 
260.161102 	 407.224823 
260.383667 	 407.003128 
260.568764 	 406.817688 
261.135246 	 406.244293 
261.498299 	 405.872269 
261.748535 	 405.613953 
262.032028 	 405.319427 
262.324722 	 405.013458 
262.613503 	 404.709732 
262.899582 	 404.407288 
263.183739 	 404.105392 
263.466270 	 403.804047 
263.747223 	 403.503342 
264.026802 	 403.203278 
264.305145 	 402.904037 
264.582344 	 402.605804 
264.858421 	 402.308762 
265.133492 	 402.013229 
265.407440 	 401.719620 
265.680222 	 401.428436 
265.951469 	 401.140457 
266.220634 	 400.856644 
266.486641 	 400.578598 
266.747063 	 400.309296 
266.996407 	 400.054459 
267.220139 	 399.828873 
267.401894 	 399.647873 
267.984512 	 399.084183 
268.378624 	 398.719574 
268.657768 	 398.470688 
268.971703 	 398.200974 
269.306145 	 397.926498 
269.644798 	 397.662827 
269.988029 	 397.410919 
270.337463 	 397.170776 
270.693558 	 396.943268 
271.056313 	 396.729218 
271.425568 	 396.529221 
271.801071 	 396.343826 
272.182297 	 396.173035 
272.568672 	 396.016846 
272.959534 	 395.874802 
273.354218 	 395.746353 
273.752083 	 395.630768 
274.152534 	 395.527130 
274.555092 	 395.434570 
274.959297 	 395.352219 
275.364830 	 395.279251 
275.771370 	 395.214844 
276.178688 	 395.158264 
276.586601 	 395.108917 
276.994972 	 395.066208 
277.403664 	 395.029678 
277.812584 	 394.998917 
278.221664 	 394.973602 
278.630768 	 394.953461 
279.040146 	 394.938217 
279.449318 	 394.927826 
279.858490 	 394.922012 
280.267593 	 394.920822 
280.676605 	 394.924164 
281.085434 	 394.932083 
281.494080 	 394.944580 
281.902519 	 394.961700 
282.310661 	 394.983536 
282.718483 	 395.010269 
283.125893 	 395.041946 
283.532845 	 395.078751 
283.939270 	 395.120819 
284.345032 	 395.168381 
284.750221 	 395.221619 
285.154495 	 395.280716 
285.557854 	 395.345856 
285.960159 	 395.417313 
286.361298 	 395.495224 
286.761086 	 395.579865 
287.159386 	 395.671417 
287.556015 	 395.770020 
287.950836 	 395.875900 
288.343620 	 395.989243 
288.734207 	 396.110092 
289.122391 	 396.238632 
289.507965 	 396.374954 
289.890770 	 396.519012 
290.270531 	 396.671082 
290.647133 	 396.830933 
291.020348 	 396.998657 
291.390060 	 397.174164 
291.756088 	 397.357361 
292.118271 	 397.548157 
292.476448 	 397.746506 
292.830574 	 397.952087 
293.180443 	 398.164948 
293.526077 	 398.384720 
293.867340 	 398.611359 
294.204231 	 398.844498 
294.536682 	 399.084000 
294.864578 	 399.329773 
295.188034 	 399.581451 
295.506912 	 399.838943 
295.821350 	 400.101929 
296.131256 	 400.370270 
296.436722 	 400.643646 
296.737587 	 400.922195 
297.034081 	 401.205368 
297.326157 	 401.493164 
297.613792 	 401.785400 
297.897057 	 402.081940 
298.176018 	 402.382553 
298.450584 	 402.687241 
298.720757 	 402.995865 
298.986694 	 403.308151 
299.248283 	 403.624146 
299.505478 	 403.943756 
299.758484 	 404.266663 
300.007095 	 404.593002 
300.251266 	 404.922684 
300.491089 	 405.255569 
300.726540 	 405.591614 
300.957504 	 405.930771 
301.183937 	 406.272995 
301.405769 	 406.618195 
301.622955 	 406.966370 
301.835426 	 407.317474 
302.043045 	 407.671463 
302.245766 	 408.028336 
302.443405 	 408.388046 
302.635872 	 408.750595 
302.823143 	 409.115845 
303.004921 	 409.483887 
303.181137 	 409.854675 
303.351654 	 410.228119 
303.516289 	 410.604218 
303.674858 	 410.982925 
303.827179 	 411.364288 
303.973160 	 411.748123 
304.112434 	 412.134476 
304.245003 	 412.523254 
304.370590 	 412.914368 
304.489037 	 413.307724 
304.600159 	 413.703278 
304.703796 	 414.100891 
304.799835 	 414.500427 
304.888092 	 414.901840 
304.968475 	 415.304947 
305.040894 	 415.709610 
305.105301 	 416.115692 
305.161652 	 416.523010 
305.209946 	 416.931427 
305.250160 	 417.340805 
305.282364 	 417.751007 
305.306694 	 418.161804 
305.323242 	 418.573059 
305.332123 	 418.984634 
305.333588 	 419.396393 
305.327728 	 419.808197 
305.314865 	 420.219910 
305.295250 	 420.631439 
305.269135 	 421.042694 
305.236794 	 421.453629 
305.198456 	 421.864105 
305.154510 	 422.274124 
305.105209 	 422.683640 
305.050896 	 423.092606 
304.991867 	 423.500977 
304.928375 	 423.908798 
304.860741 	 424.316025 
304.789307 	 424.722656 
304.714279 	 425.128738 
304.636002 	 425.534225 
304.554703 	 425.939255 
304.470634 	 426.343735 
304.384048 	 426.747757 
304.295151 	 427.151321 
304.204239 	 427.554520 
304.111496 	 427.957352 
304.017105 	 428.359818 
303.921272 	 428.762009 
303.824203 	 429.163925 
303.726082 	 429.565613 
303.627022 	 429.967117 
303.527229 	 430.368484 
303.426819 	 430.769714 
303.325996 	 431.170807 
303.224876 	 431.571854 
303.123550 	 431.972855 
303.022179 	 432.373856 
302.920853 	 432.774902 
302.819687 	 433.175995 
302.718819 	 433.577179 
302.618294 	 433.978409 
302.518250 	 434.379776 
302.418755 	 434.781281 
302.319901 	 435.182922 
302.221779 	 435.584747 
302.124458 	 435.986755 
302.028008 	 436.388947 
301.932495 	 436.791367 
301.837990 	 437.194016 
301.744560 	 437.596893 
301.652275 	 438.000046 
301.561157 	 438.403427 
301.471298 	 438.807083 
301.382721 	 439.210968 
301.295517 	 439.615128 
301.209686 	 440.019562 
301.125320 	 440.424271 
301.042419 	 440.829300 
300.961029 	 441.234558 
300.881241 	 441.640091 
300.803055 	 442.045944 
300.726494 	 442.452072 
300.651581 	 442.858475 
300.578407 	 443.265152 
300.506973 	 443.672104 
300.437302 	 444.079376 
300.369438 	 444.486923 
300.303383 	 444.894699 
300.239182 	 445.302750 
300.176880 	 445.711075 
300.116478 	 446.119675 
300.057999 	 446.528503 
300.001488 	 446.937607 
299.946922 	 447.346939 
299.894371 	 447.756500 
299.843834 	 448.166290 
299.795311 	 448.576309 
299.748871 	 448.986511 
299.704491 	 449.396942 
299.662216 	 449.807556 
299.622025 	 450.218353 
299.583961 	 450.629333 
299.548050 	 451.040451 
299.514267 	 451.451752 
299.482681 	 451.863190 
299.453247 	 452.274765 
299.426033 	 452.686432 
299.400993 	 453.098236 
299.378197 	 453.510132 
299.357643 	 453.922119 
299.339310 	 454.334198 
299.323219 	 454.746323 
299.309418 	 455.158493 
299.297882 	 455.570709 
299.288612 	 455.982971 
299.281654 	 456.395233 
299.276985 	 456.807541 
299.274628 	 457.219803 
299.274605 	 457.632065 
299.276894 	 458.044281 
299.281494 	 458.456451 
299.288452 	 458.868576 
299.297768 	 459.280609 
299.309418 	 459.692596 
299.323425 	 460.104446 
299.339813 	 460.516205 
299.358559 	 460.927872 
299.379684 	 461.339355 
299.403191 	 461.750702 
299.429054 	 462.161865 
299.457344 	 462.572891 
299.488014 	 462.983734 
299.521065 	 463.394302 
299.556541 	 463.804688 
299.594421 	 464.214844 
299.634682 	 464.624725 
299.677368 	 465.034332 
299.722481 	 465.443710 
299.769997 	 465.852768 
299.819939 	 466.261505 
299.872307 	 466.669922 
299.927078 	 467.078018 
299.984276 	 467.485703 
300.043900 	 467.893066 
300.105972 	 468.300064 
300.170448 	 468.706650 
300.237373 	 469.112778 
300.306702 	 469.518539 
300.378479 	 469.923843 
300.452682 	 470.328690 
300.529335 	 470.733078 
300.608391 	 471.136963 
300.689896 	 471.540344 
300.773827 	 471.943222 
300.860184 	 472.345551 
300.948967 	 472.747330 
301.040199 	 473.148560 
301.133835 	 473.549194 
301.229919 	 473.949234 
301.328407 	 474.348679 
301.429344 	 474.747482 
301.532684 	 475.145645 
301.638451 	 475.543167 
301.746643 	 475.940002 
301.857239 	 476.336151 
301.970261 	 476.731613 
302.085686 	 477.126343 
302.203537 	 477.520340 
302.323792 	 477.913605 
302.446449 	 478.306091 
302.571510 	 478.697800 
302.698952 	 479.088730 
302.828819 	 479.478836 
302.961067 	 479.868118 
303.095695 	 480.256577 
303.232727 	 480.644165 
303.372139 	 481.030884 
303.513908 	 481.416733 
303.658081 	 481.801666 
303.804611 	 482.185684 
303.953522 	 482.568787 
304.104790 	 482.950928 
304.258415 	 483.332108 
304.414398 	 483.712326 
304.572739 	 484.091537 
304.733414 	 484.469788 
304.896446 	 484.846985 
305.061813 	 485.223175 
305.229515 	 485.598312 
305.399551 	 485.972351 
305.571899 	 486.345337 
305.746559 	 486.717224 
305.923531 	 487.088013 
306.102814 	 487.457657 
306.284409 	 487.826157 
306.468269 	 488.193512 
306.654442 	 488.559677 
306.842880 	 488.924698 
307.033585 	 489.288528 
307.226578 	 489.651123 
307.421837 	 490.012482 
307.619339 	 490.372604 
307.819107 	 490.731445 
308.021095 	 491.089050 
308.225327 	 491.445374 
308.431801 	 491.800369 
308.640472 	 492.154083 
308.851364 	 492.506470 
309.064453 	 492.857483 
309.279739 	 493.207169 
309.497223 	 493.555481 
309.716904 	 493.902374 
309.938736 	 494.247894 
310.162720 	 494.591995 
310.388855 	 494.934677 
310.617142 	 495.275940 
310.847580 	 495.615738 
311.080147 	 495.954071 
311.314819 	 496.290939 
311.551620 	 496.626297 
311.790504 	 496.960144 
312.031471 	 497.292480 
312.274521 	 497.623306 
312.519653 	 497.952576 
312.766846 	 498.280289 
313.016075 	 498.606445 
313.267342 	 498.931000 
313.520645 	 499.253952 
313.775940 	 499.575302 
314.033249 	 499.895050 
314.292549 	 500.213150 
314.553841 	 500.529602 
314.817101 	 500.844406 
315.082329 	 501.157562 
315.349503 	 501.469025 
315.618599 	 501.778793 
315.889641 	 502.086868 
316.162582 	 502.393250 
316.437447 	 502.697891 
316.714188 	 503.000793 
316.992805 	 503.301956 
317.273300 	 503.601379 
317.555649 	 503.899017 
317.839828 	 504.194870 
318.125839 	 504.488983 
318.413681 	 504.781265 
318.703331 	 505.071762 
318.994766 	 505.360428 
319.287987 	 505.647217 
319.582947 	 505.932220 
319.879669 	 506.215347 
320.178131 	 506.496643 
320.478355 	 506.776062 
320.780273 	 507.053604 
321.083908 	 507.329269 
321.389214 	 507.603058 
321.696213 	 507.874878 
322.004860 	 508.144821 
322.315155 	 508.412842 
322.627075 	 508.678940 
322.940643 	 508.943069 
323.255836 	 509.205276 
323.572609 	 509.465515 
323.890961 	 509.723785 
324.210869 	 509.980087 
324.532356 	 510.234421 
324.855377 	 510.486740 
325.179932 	 510.737045 
325.505997 	 510.985382 
325.833572 	 511.231705 
326.162659 	 511.475967 
326.493187 	 511.718216 
326.825180 	 511.958450 
327.158615 	 512.196625 
327.493492 	 512.432739 
327.829788 	 512.666840 
328.167503 	 512.898834 
328.506615 	 513.128769 
328.847099 	 513.356644 
329.188957 	 513.582413 
329.532143 	 513.806076 
329.876656 	 514.027679 
330.222519 	 514.247177 
330.569687 	 514.464523 
330.918137 	 514.679810 
331.267868 	 514.892944 
331.618858 	 515.103973 
331.971107 	 515.312851 
332.324593 	 515.519623 
332.679291 	 515.724243 
333.035202 	 515.926712 
333.392326 	 516.127029 
333.750618 	 516.325195 
334.110077 	 516.521210 
334.470680 	 516.715027 
334.832405 	 516.906693 
335.195251 	 517.096207 
335.559196 	 517.283524 
335.924240 	 517.468689 
336.290359 	 517.651657 
336.657532 	 517.832428 
337.025757 	 518.011047 
337.395012 	 518.187469 
337.765297 	 518.361694 
338.136589 	 518.533722 
338.508865 	 518.703552 
338.882103 	 518.871185 
339.256302 	 519.036621 
339.631439 	 519.199860 
340.007515 	 519.360855 
340.384483 	 519.519699 
340.762367 	 519.676346 
341.141144 	 519.830750 
341.520767 	 519.982956 
341.901237 	 520.132965 
342.282555 	 520.280777 
342.664696 	 520.426392 
343.047638 	 520.569809 
343.431381 	 520.711029 
343.815903 	 520.850006 
344.201180 	 520.986832 
344.587212 	 521.121460 
344.973999 	 521.253891 
345.361496 	 521.384125 
345.749702 	 521.512161 
346.138596 	 521.638046 
346.528152 	 521.761734 
346.918373 	 521.883224 
347.309235 	 522.002563 
347.700737 	 522.119705 
348.092857 	 522.234741 
348.485573 	 522.347580 
348.878883 	 522.458313 
349.272766 	 522.566849 
349.667198 	 522.673279 
350.062157 	 522.777603 
350.457664 	 522.879776 
350.853676 	 522.979843 
351.250191 	 523.077805 
351.647186 	 523.173660 
352.044662 	 523.267456 
352.442596 	 523.359192 
352.840965 	 523.448822 
353.239769 	 523.536438 
353.638985 	 523.621994 
354.038612 	 523.705536 
354.438629 	 523.787064 
354.839012 	 523.866577 
355.239761 	 523.944122 
355.640854 	 524.019699 
356.042290 	 524.093353 
356.444046 	 524.165039 
356.846100 	 524.234848 
357.248474 	 524.302734 
357.651123 	 524.368744 
358.054047 	 524.432922 
358.457222 	 524.495224 
358.860649 	 524.555740 
359.264305 	 524.614517 
359.668190 	 524.671463 
360.072281 	 524.726715 
360.476578 	 524.780273 
360.881058 	 524.832138 
361.285721 	 524.882355 
361.690567 	 524.930969 
362.095551 	 524.978027 
362.500694 	 525.023529 
362.905975 	 525.067520 
363.311394 	 525.110046 
363.716927 	 525.151154 
364.122574 	 525.190842 
364.528313 	 525.229248 
364.934143 	 525.266327 
365.340065 	 525.302216 
365.746056 	 525.336868 
366.152115 	 525.370377 
366.558243 	 525.402832 
366.964417 	 525.434280 
367.370636 	 525.464767 
367.776901 	 525.494339 
368.183189 	 525.523132 
368.589523 	 525.551147 
368.995880 	 525.578568 
369.402237 	 525.605301 
369.808617 	 525.631622 
370.214996 	 525.657486 
370.621376 	 525.683075 
371.027756 	 525.708435 
371.434113 	 525.733658 
371.840469 	 525.758926 
372.246803 	 525.784286 
372.653091 	 525.809875 
373.059380 	 525.835831 
373.465622 	 525.862289 
373.871796 	 525.889481 
374.277924 	 525.917358 
374.683983 	 525.946243 
375.089951 	 525.976273 
375.495827 	 526.007584 
375.901588 	 526.040359 
376.307213 	 526.074783 
376.712677 	 526.111084 
377.117981 	 526.149490 
377.523079 	 526.190186 
377.927948 	 526.233398 
378.332542 	 526.279358 
378.736794 	 526.328293 
379.140678 	 526.380478 
379.544128 	 526.436188 
379.947098 	 526.495605 
380.349495 	 526.559052 
380.751228 	 526.626801 
381.152229 	 526.699127 
381.552383 	 526.776260 
381.951576 	 526.858566 
382.349716 	 526.946136 
382.746643 	 527.039337 
383.142242 	 527.138351 
383.536308 	 527.243546 
383.928772 	 527.354874 
384.319427 	 527.472656 
384.708115 	 527.597168 
385.094650 	 527.728455 
385.478897 	 527.866516 
385.860672 	 528.011536 
386.239838 	 528.163559 
386.616165 	 528.322632 
386.989563 	 528.488708 
387.359894 	 528.661743 
387.727020 	 528.841599 
388.090805 	 529.028320 
388.451202 	 529.221680 
388.808167 	 529.421494 
389.161560 	 529.627670 
389.511337 	 529.840073 
389.857498 	 530.058380 
390.200043 	 530.282455 
390.538925 	 530.512161 
390.874283 	 530.747131 
391.205978 	 530.987320 
391.534149 	 531.232361 
391.858795 	 531.482162 
392.180008 	 531.736496 
392.497787 	 531.995132 
392.812271 	 532.257843 
393.123505 	 532.524490 
393.431534 	 532.794891 
393.736496 	 533.068817 
394.038391 	 533.346176 
394.337311 	 533.626785 
394.633347 	 533.910461 
394.926544 	 534.197021 
395.216949 	 534.486465 
395.504745 	 534.778519 
395.789978 	 535.073135 
396.072647 	 535.370224 
396.352890 	 535.669693 
396.630707 	 535.971405 
396.906189 	 536.275269 
397.179382 	 536.581238 
397.450424 	 536.889130 
397.719177 	 537.199036 
397.985962 	 537.510681 
398.250549 	 537.824203 
398.513260 	 538.139328 
398.773865 	 538.456192 
399.032639 	 538.774612 
399.289398 	 539.094681 
399.544464 	 539.416122 
